"species","x","y","C:/GIS_Course/MScThesis-MaviSantarelli/data/Predictors/Input/Reversed/Building_Density_Reversed.tif","C:/GIS_Course/MScThesis-MaviSantarelli/data/Predictors/Input/Reversed/DistWater_Reversed.tif","C:/GIS_Course/MScThesis-MaviSantarelli/data/Predictors/Input/Reversed/NOx_Stand_Reversed.tif","C:/GIS_Course/MScThesis-MaviSantarelli/data/Predictors/Input/Reversed/RGS_Reversed.tif","C:/GIS_Course/MScThesis-MaviSantarelli/data/Predictors/Input/Reversed/Runoff_Coefficient_Standardised_Reversed.tif","C:/GIS_Course/MScThesis-MaviSantarelli/data/Predictors/Input/Reversed/Slope_Proj_Reversed.tif","C:/GIS_Course/MScThesis-MaviSantarelli/data/Predictors/Input/Reversed/SoilMoisture_32bit_Reversed.tif","C:/GIS_Course/MScThesis-MaviSantarelli/data/Predictors/Input/Reversed/Traffic_Reversed.tif","C:/GIS_Course/MScThesis-MaviSantarelli/data/Predictors/Input/Reversed/Wood_Resample_Reversed.tif","C:/GIS_Course/MScThesis-MaviSantarelli/data/Predictors/Input/Grass_Stand.tif","C:/GIS_Course/MScThesis-MaviSantarelli/data/Predictors/Input/NDVI_median.tif","C:/GIS_Course/MScThesis-MaviSantarelli/data/Predictors/Input/NDVI_StDev.tif","C:/GIS_Course/MScThesis-MaviSantarelli/data/Predictors/Input/VegHeight.tif"
"species",1,1,1,0.96503866,0.9284195,0.99440706,0.64782095,0.92362106,0.48906487,0.87197334,0.98539734,0.6783058,0.7485574,0.38997972,0.14201066
"species",2,2,1,1,0.94060856,0.9368731,1,0.9873312,0.49662644,0.89675987,0.99073946,0.7011418,0.47055468,0.43922323,0
"species",3,3,1,0.77710456,0.9809543,0.94181556,0.8244994,0.9585021,0.3055786,0.92464364,0.99166787,0.5271493,0.78170943,0.3296106,0.20688869
"species",4,4,0.9999421,0.9559122,0.78004444,0.7826753,0.76560664,0.9386817,0.26673812,0.49868524,0.9927117,0.3551349,0.6796669,0.26822132,0.20207165
"species",5,5,0.9997824,0.83740294,0.84121746,0.9684474,0.76560664,0.9556923,0.3080818,0.647591,1,0.33274034,0.7507604,0.37707302,0.34506577
"species",6,6,1,0.98392713,0.8622184,0.945416,0.64782095,0.9928489,0.16576463,0.79811573,0.933059,0.44521376,0.78473294,0.33754608,0.2907057
"species",7,7,0.9999021,0.8989265,0.8405159,0.8680183,0.76560664,0.9358536,0.36375135,0.74298424,1,0.7781777,0.8127042,0.37894717,0.50227886
"species",8,8,1,0.9709932,0.8827637,0.9820748,0.76560664,0.94176453,0.170165,0.8033392,0.9976409,0.33669496,0.60347575,0.18644445,0.29378822
"species",9,9,1,0.95572513,0.91464627,0.94602543,0.64782095,0.93301046,0.6266625,0.86808383,0.98341364,0.7593882,0.8324126,0.2487358,0.14161345
"species",10,10,1,0.98392713,0.8622184,0.945416,0.64782095,0.9928489,0.16576463,0.79811573,0.933059,0.44521376,0.78473294,0.33754608,0.2907057
"species",11,11,1,0.79160196,0.9850202,0.49378806,0.64782095,0.79716367,0.23239571,0.9475261,0.8829752,0.32670334,0.6642944,0.3843811,0.010124711
"species",12,12,1,0.6784433,0.9531765,0.9818693,0.64782095,0.90127695,0.37595743,0.9175536,0.9975496,0.7522908,0.8512974,0.35018802,0.18172301
"species",13,13,0.96291506,0.9833098,0.7729769,0.8746041,0.058892846,0.99198055,0.1548239,0.72505075,0.98976535,0.41544595,0.71891814,0.20056115,0.19002314
"species",14,14,1,0.8251863,0.9185106,0.9356675,0.58892816,0.973552,0.25212157,0.89370173,0.980553,0.087916926,0.6002861,0.5098683,0
"species",15,15,1,0.96904385,0.93584234,0.6152078,0.64782095,0.79102415,0.29300356,0.8547652,0.99481034,0.65242803,0.7491532,0.39728746,0.42219839
"species",16,16,1,0.98948866,0.9651006,0.99846375,0.5300354,0.96602815,0.27805817,0.9592986,0.9126915,0.6482335,0.7257429,0.29718906,0.13008304
"species",17,17,1,0.89764065,0.97487444,0.9201707,0.64782095,0.91334087,0.3490001,0.9313625,0.9903803,0.48028967,0.8201455,0.2786982,0.13716464
"species",18,18,1,0.92537624,0.86124563,0.8980632,0.64782095,0.90452754,0.3539045,0.75412184,0.99231005,0.40179175,0.7798657,0.27077663,0.25004137
"species",19,19,1,0.95358795,0.86056757,0.9968159,0.64782095,0.97406346,0.39841264,0.8206263,0.9903738,0.4889305,0.8470494,0.31052786,0.17651457
"species",20,20,1,0.9057543,0.9175229,0.915717,0.58892816,0.97302276,0.25932384,0.85223174,0.9893893,0.05383607,0.7544531,0.4201347,0.15881975
"species",21,21,1,0.7561854,0.93606496,0.79929876,0.58892816,0.8832574,0.36392874,0.8961648,0.99331534,0.29665622,0.6785027,0.41751748,0.16901867
"species",22,22,0.87073016,0.98064095,0.91283745,0.8943102,0.058892846,0.9837991,0.37851882,0.90868056,0.99239206,0.8719062,0.6993797,0.17737949,0.19166057
"species",23,23,1,0.9467835,0.8558344,0.9798359,0.76560664,0.893918,0.3191353,0.6889657,1,0.4278323,0.76264167,0.35170564,0.18827671
"species",24,24,0.9998318,0.61778224,0.96410316,0.4568367,0.64782095,0.8114759,0.28491092,0.94236386,0.97204953,0.7236106,0.8080015,0.31079736,0.10406644
"species",25,25,0.8222617,0.92360014,0.8484297,0.96079296,0.76560664,0.9536527,0.17489976,0.7395539,0.9975244,0.44553077,0.64852315,0.21493946,0.3168765
"species",26,26,1,0.89811677,0.9811094,0.9304153,0.76560664,0.6924701,0.21204543,0.9436335,1,0.3106578,0.8572095,0.28703174,0.67066467
"species",27,27,1,0.82761407,0.94209015,0.93141425,0.64782095,0.725841,0.24154723,0.8906376,0.9302696,0.16823858,0.78316545,0.2944631,0.18952087
"species",28,28,1,0.973762,0.98626447,0.516683,0.5300354,0.9811536,0.28241044,0.9695777,0.9369284,0.40956235,0.72129726,0.2716901,0.18499787
"species",29,29,1,0.97387284,0.94461054,0.9834268,0.76560664,0.9198361,0.48395216,0.9091925,1,0.7962997,0.78270835,0.3334611,0.17074738
"species",30,30,0.9102218,0.9362151,0.6873446,0.853602,0.058892846,0.90909225,0.23989677,0.34214926,0.9959993,0.17624237,0.6396416,0.39698163,0.1100483
"species",31,31,0.996504,0.82519746,0.9130412,0.752393,0.76560664,0.9265081,0.20900345,0.8704797,1,0.2443974,0.7712582,0.4176654,0.47734496
"species",32,32,1,0.9304125,0.9571389,0.9995243,0.8244994,0.9821673,0.81976545,0.779147268208955,0.99233013,0.45797348,0.7965105,0.3988447,0.22690636
"species",33,33,0.87854564,0.93111116,0.6809639,0.918257,0.058892846,0.91561127,0.14915127,0.27283996,0.9909232,0.13672873,0.70089084,0.24145445,0.09416038
"species",34,34,0.99976456,0.9163277,0.86067104,0.9031416,0.58892816,0.97622,0.3527583,0.75762945,1,0.40380028,0.6272665,0.2579695,0.4386805
"species",35,35,0.99868816,0.95768374,0.853697,0.9019655,0.64782095,0.94873,0.27078336,0.68156135,0.9784479,0.3757918,0.52850175,0.13059886,0.15671884
"species",36,36,1,0.9883506,0.88308144,0.9953226,0.64782095,0.9826285,0.12209946,0.8334169,0.9853605,0.38499215,0.81677926,0.308888,0.08257284
"species",37,37,0.98868465,0.5223645,0.99034137,0.6814474,0.64782095,0.73068804,0.42006826,0.9517598,0.99555475,0.6731115,0.81193024,0.28825003,0.32052112
"species",38,38,1,0.89677805,0.93096584,0.73195744,0.8244994,0.8050357,0.37052417,0.84024525,0.9356973,0.29282895,0.8294429,0.288439,0.13008304
"species",39,39,1,0.9057543,0.9175229,0.915717,0.58892816,0.97302276,0.25932384,0.85223174,0.9893893,0.05383607,0.7544531,0.4201347,0.15881975
"species",40,40,0.863145,0.86958355,0.9445053,0.9548916,0.058892846,0.9497945,0.5284524,0.90817493,0.9971317,0.8217928,0.6922312,0.27691844,0.17475104
"species",41,41,1,1,0.9455899,0.9379189,1,0.9949987,0.47796422,0.89949423,0.95249087,0.690206,0.4557579,0.56511354,0
"species",42,42,0.99960816,0.9839884,0.9212449,0.6382191,0.64782095,0.94419307,0.28179002,0.8435359,0.9918031,0.6119053,0.90583575,0.2667061,0.4462112
"species",43,43,1,0.98705006,0.9858399,0.8000738,0.58892816,0.6553166,0.36613756,0.96067977,0.9979145,0.45770347,0.7620605,0.33398414,0.29731986
"species",44,44,0.98149455,0.97975385,0.8457847,0.94366056,0.76560664,0.91541064,0.12739849,0.72854257,1,0.38040522,0.7941018,0.4305874,0.5017202
"species",45,45,0.9963393,0.92200327,0.8455179,0.86254233,0.76560664,0.9366745,0.3721292,0.74170816,1,0.78064907,0.8036742,0.36257732,0.5373067
"species",46,46,0.9278124,0.99879324,0.7282524,0.89605117,0.058892846,0.93638664,0.3627383,0.72342086,0.9928775,0.35785347,0.49415845,0.27451572,0
"species",47,47,1,0.85470796,0.8323067,0.98798215,0.64782095,0.8871056,0.2346484,0.41785437,0.99506867,0.24301665,0.8121023,0.31838506,0.45256856
"species",48,48,0.88409716,0.8989848,0.84798604,0.94214445,0.058892846,0.9728989,0.12898481,0.6737324,0.996299,0.4175091,0.6272524,0.23966911,0.196462
"species",49,49,0.99999183,0.89736646,0.8426448,0.8685789,0.76560664,0.9355016,0.36460054,0.7425873,1,0.77836686,0.8024272,0.41109306,0.51636785
"species",50,50,1,0.53269935,0.97323173,0.69351083,0.64782095,0.54195225,0.38631546,0.94437814,0.99046427,0.82718873,0.74131674,0.20501229,0.19964558
"species",51,51,1,0.94394857,0.8938285,0.9798083,0.58892816,0.67542243,0.80290765,0.90295815,1,0.6496918,0.8320706,0.30528897,0.35574523
"species",52,52,0.9894493,0.97716993,0.93264186,0.994757,0.76560664,0.83957916,0.82792836,0.94501877,0.9979255,0.5967589,0.821413,0.34616786,0.26304767
"species",53,53,0.80311936,0.9517082,0.8265273,0.8923528,0.058892846,0.98761225,0.4811576,0.7658801,0.9715206,0.72130334,0.6927145,0.29234648,0.18611994
"species",54,54,0.8999337,0.95092803,0.94595534,0.9290089,0.058892846,0.95331067,0.14882958,0.9093371,0.99235535,0.5285808,0.70041674,0.19911225,0.11950066
"species",55,55,1,0.8789009,0.9240252,0.98553455,0.58892816,0.91412044,0.1930151,0.8054103,0.9858997,0.58633554,0.5894063,0.40743926,0.17254631
"species",56,56,0.99992687,0.99399894,0.7064136,0.92953527,0.76560664,0.98988974,0.20978111,0.41307145,1,0.09346397,0.8071606,0.36752084,0.41626576
"species",57,57,1,0.8011179,0.97517425,0.9410322,0.64782095,0.9695771,0.16384226,0.95848256,0.97700316,0.6741817,0.87312007,0.33514303,0.10406644
"species",58,58,0.99029493,0.9228111,0.84981585,0.8611892,0.058892846,0.92231447,0.3746246,0.7409469,0.9936178,0.7801153,0.57478195,0.23173474,0.3481089
"species",59,59,0.99953735,0.96322733,0.86066306,0.98122644,0.76560664,0.9477955,0.3381917,0.7331454,1,0.44082078,0.73688686,0.32230324,0.31328195
"species",60,60,1,0.77305156,0.9479408,0.75084466,0.58892816,0.9402914,0.217888,0.9141584,1,0.17480288,0.7654586,0.33149552,0.46541736
"species",61,61,0.997869,0.97656333,0.7674564,0.95428133,0.76560664,0.9827706,0.18723118,0.7764315,0.9988501,0.3759924,0.76665014,0.40276298,0.44228235
"species",62,62,0.85947436,0.84436953,0.8267679,0.8692348,0.058892846,0.8801394,0.23686719,0.59513086,0.9920057,0.31553984,0.7390529,0.29424265,0.28175095
"species",63,63,0.9999995,0.94601095,0.9291778,0.70407975,0.58892816,0.96798676,0.30990475,0.91410226,0.971726,0.17947735,0.69325954,0.37684685,0.13008304
"species",64,64,1,0.944839,0.98531485,0.6382836,0.76560664,0.8088677,0.31641716,0.9442131,1,0.31591862,0.8093483,0.400009,0.39024913
"species",65,65,0.99999183,0.89736646,0.8426448,0.8685789,0.76560664,0.9355016,0.36460054,0.7425873,1,0.77836686,0.8024272,0.41109306,0.51636785
"species",66,66,1,0.9553115,0.9126375,0.723915,0.64782095,0.7143787,0.24639899,0.8091116,0.9574362,0.49296045,0.77924216,0.14844346,0.19388239
"species",67,67,0.9955645,0.8772696,0.9283513,0.9784702,0.76560664,0.98691034,0.35219306,0.83277833,1,0.6605805,0.8095226,0.38238946,0.26016608
"species",68,68,0.99992716,0.9247537,0.8619045,0.8997003,0.64782095,0.94842476,0.35377067,0.7554815,0.9978291,0.40312526,0.77800715,0.32351097,0.30643213
"species",69,69,1,0.92849684,0.9575316,0.99891734,0.8244994,1,0.82103246,0.779147268208955,0.98517144,0.45729262,0.746025823482143,0.308548495244048,0.19084324
"species",70,70,1,0.9037781,0.9165484,0.915859,0.58892816,0.9741356,0.25932384,0.8522289,0.99145633,0.053388644,0.7917502,0.30034876,0.21802187
"species",71,71,0.9998539,0.86734635,0.9017384,0.9608403,0.64782095,0.86677843,0.18599933,0.8146108,0.9939946,0.5718066,0.7633292,0.31610078,0.2643661
"species",72,72,1,0.9267069,0.890961,0.99480146,0.64782095,0.92926854,0.42835414,0.8868828,0.9902377,0.4546288,0.8645323,0.3344904,0.21757214
"species",73,73,1,0.7972467,0.9906257,0.9591835,0.76560664,0.8621663,0.08055043,0.91318613,1,0.22432473,0.86770225,0.37799853,0.54906887
"species",74,74,0.91432554,0.9614051,0.9152371,0.9445494,0.058892846,0.93655914,0.61823523,0.870306,0.9919157,0.7653885,0.73803896,0.32387078,0.20362693
"species",75,75,0.98008066,0.9614002,0.6913496,0.8990061,0.76560664,0.9598716,0.2174136,0.5919463,0.9972222,0.3057378,0.8312195,0.2990001,0.19224097
"species",76,76,0.9848373,0.9860572,0.8775209,0.99272054,0.058892846,0.9713063,0.26403278,0.62483037,0.97935057,0.57079536,0.6862481,0.19714011,0.16026483
"species",77,77,1,1,0.9849199,0.68042374,1,0.96523976,0.2808575,0.96700966,0.99893653,0.12917165,0.6385564,0.47392043,0.26521304
"species",78,78,1,0.9360471,0.9523287,0.9227902,0.64782095,0.86104196,0.15321052,0.91200256,0.9843259,0.5225527,0.8539769,0.32606784,0.10406644
"species",79,79,1,0.9502205,0.98092294,0.9828817,1,0.9006928,0.63608015,0.9471657,0.9902823,0.526807,0.7446819,0.41248995,0.28578547
"species",80,80,1,0.8622104,0.9098728,0.74904966,0.58892816,0.9585791,0.21623546,0.8236919,0.9894446,0.25800654,0.6365957,0.31894597,0.040267102
"species",81,81,0.7950765,0.9387368,0.91585845,0.9934701,0.058892846,0.9685523,0.25932384,0.9091148,0.9836793,0.12629034,0.6112457,0.18622285,0.1782747
"species",82,82,1,0.8459429,0.9139747,0.7539378,0.76560664,0.9274096,0.20636135,0.88717914,1,0.24197498,0.83678293,0.32693794,0.5275753
"species",83,83,0.9807121,0.8353354,0.8422383,0.9359929,0.058892846,0.93055433,0.12774783,0.70312494,0.9972817,0.39536145,0.73077357,0.3622404,0.39477214
"species",84,84,0.9909682,0.903007,0.8528271,0.9238125,0.64782095,0.9483041,0.34579003,0.75752485,0.991445,0.40314776,0.8711783,0.34121773,0.10390493
"species",85,85,1,0.87665606,0.89598787,0.9991737,0.76560664,0.9396092,0.39717293,0.82195956,1,0.37379164,0.7496436,0.4474261,0.30603886
"species",86,86,1,0.9994409,0.9892243,0.94657004,0.76560664,0.906229,0.20641112,0.9678159,0.9938804,0.4226738,0.7171307,0.36395252,0.12873964
"species",87,87,0.7717768,0.8861497,0.7311003,0.8911543,0.058892846,0.9576996,0.29807365,0.46429813,0.98322964,0.30759335,0.71694744,0.21311775,0.13425337
"species",88,88,1,0.8622641,0.91472065,0.8465966,0.64782095,0.9571737,0.42663872,0.9020545,0.95887035,0.5154125,0.76950854,0.29051486,0.10406644
"species",89,89,0.7446474,0.94460756,0.73869056,0.8706615,0.058892846,0.954903,0.24572372,0.73125017,0.98528695,0.407043,0.6270415,0.23105055,0.2828999
"species",90,90,1,0.9867866,0.984368,0.7368438,0.76560664,0.92593336,0.2921906,0.9637611,1,0.1550595,0.7403246,0.2918271,0.21553749
"species",91,91,0.6121433,0.92609394,0.66958356,0.9624586,0.058892846,0.84749687,0.24160367,0.4945724,0.9831822,0.062898785,0.699833,0.33841887,0.10253405
"species",92,92,0.80688524,0.92752403,0.80698305,0.86016583,0.58892816,0.9433321,0.26013857,0.65951866,0.9851786,0.28119314,0.7688666,0.539408,0.09121765
"species",93,93,0.985628,0.87192196,0.7556186,0.95755917,0.64782095,0.99185264,0.28978294,0.69669354,0.99471146,0.41168514,0.72696817,0.41739723,0.29358733
"species",94,94,0.9999934,0.99310356,0.76332295,0.8259993,0.64782095,0.93325245,0.1657288,0.59897137,0.96616685,0.3517474,0.79174894,0.2885438,0.13008304
"species",95,95,0.8816388,0.9658065,0.5811563,0.9847994,0.058892846,0.99593776,0.14635336,0.32969445,0.9704506,0.13828614,0.5370133,0.048716452,0
"species",96,96,1,0.96349955,0.9245033,0.99941343,0.8244994,0.84094477,0.8224149,0.9425082,0.99606776,0.6034999,0.8065429,0.31717595,0.15157665
"species",97,97,0.829692,0.9227251,0.87342894,0.9724675,0.058892846,0.99330527,0.61946857,0.786516,0.9813574,0.49961177,0.66206187,0.25474745,0.15613906
"species",98,98,0.99632335,0.9075314,0.8295103,0.9835693,0.76560664,0.9434023,0.31792897,0.6032287,1,0.3976215,0.83280456,0.43297017,0.4468054
"species",99,99,0.99995565,0.9595398,0.9170104,0.9191756,0.76560664,0.8728183,0.1550718,0.86884594,1,0.38353324,0.8084015,0.44183517,0.49523273
"species",100,100,1,0.9577842,0.70603347,0.990898,0.64782095,0.9803172,0.3608383,0.55255854,0.98528343,0.30843332,0.7618074,0.29629537,0.15609966
"species",101,101,1,0.9709696,0.6184237,0.94323564,0.64782095,0.89121926,0.2403298,0.40349126,0.95175344,0.06534759,0.80129206,0.3275126,0.13404733
"species",102,102,1,0.8835158,0.9816028,0.8664623,0.64782095,0.9191095,0.32509196,0.93730325,0.9824338,0.3536223,0.75617987,0.3180106,0.119958326
"species",103,103,1,0.9272438,0.9852724,0.670761,0.5300354,0.9720937,0.2813294,0.96427286,0.889639,0.15768597,0.701322,0.3000903,0.25276148
"species",104,104,1,0.93733126,0.94783497,0.8801778,0.64782095,0.9764206,0.1694302,0.88449955,0.99576235,0.5201378,0.8081659,0.3303635,0.16006392
"species",105,105,0.968097,0.9213939,0.8752617,0.9590055,0.64782095,0.936394,0.34319878,0.7682763,0.9602913,0.44168133,0.7099913,0.23815954,0.07760011
"species",106,106,0.8920802,0.8429394,0.94460976,0.9641509,0.058892846,0.9192596,0.4639578,0.91367435,0.99078435,0.7823141,0.73618865,0.2118244,0.2471558
"species",107,107,0.9760827,0.9794632,0.9007031,0.896769,0.058892846,0.9316399,0.42835587,0.8798671,0.98589677,0.4508372,0.69688016,0.19623919,0.18499787
"species",108,108,0.99523103,0.95914537,0.77678746,0.79938567,0.64782095,0.94382197,0.21097475,0.56072664,0.9899934,0.21823105,0.8305971,0.31833294,0.18336044
"species",109,109,0.98572654,0.9996003,0.7312113,0.9783135,1,0.89362943,0.32702732,0.54391384,0.99641615,0.31426868,0.5340016,0.32014835,0.10530601
"species",110,110,0.85351115,0.9823653,0.9189792,0.97051245,0.058892846,0.88187695,0.22214556,0.9303489,0.98791814,0.19451839,0.6586577,0.26236704,0.3291699
"species",111,111,1,0.98269844,0.9845192,0.5817733,0.58892816,0.966078,0.3234837,0.9593796,1,0.23412707,0.7248093,0.40173274,0.31312048
"species",112,112,0.99999774,1,0.7471696,0.99748313,1,0.9930047,0.14969194,0.54379356,0.9794876,0.23846541,0.45913965,0.30052298,0
"species",113,113,0.91548026,0.95710427,0.91526705,0.9458474,0.76560664,0.9228134,0.6162107,0.87101775,0.9956772,0.767272,0.7741942,0.36278832,0.2876586
"species",114,114,1,0.9018933,0.8602787,0.95812887,0.76560664,0.98331636,0.2910031,0.8997006,1,0.21569616,0.7682042,0.32167128,0.32629228
"species",115,115,0.96013534,0.97649175,0.95152515,0.9942291,0.058892846,1,0.8186801,0.96849895,0.9795115,0.5503427,0.7324275,0.20558077,0.112257555
"species",116,116,0.70418113,0.86730385,0.833066,0.933583,0.58892816,0.8940631,0.29399514,0.650035,0.98558223,0.38187873,0.6221717,0.1766613,0.082800604
"species",117,117,0.9909682,0.903007,0.8528271,0.9238125,0.64782095,0.9483041,0.34579003,0.75752485,0.991445,0.40314776,0.8711783,0.34121773,0.10390493
"species",118,118,1,0.8622104,0.9098728,0.74904966,0.58892816,0.9585791,0.21623546,0.8236919,0.9894446,0.25800654,0.6365957,0.31894597,0.040267102
"species",119,119,0.91623837,0.9391924,0.89520615,0.95325804,0.058892846,0.9391121,0.19877875,0.8428914,0.9963369,0.5758801,0.6780055,0.22839373,0.33798018
"species",120,120,0.9818833,0.9776856,0.8293574,0.9516545,0.058892846,0.986706,0.13187855,0.6477927,0.9981664,0.4404556,0.63627577,0.21421658,0.22404183
"species",121,121,1,0.8459429,0.9139747,0.7539378,0.76560664,0.9274096,0.20636135,0.88717914,1,0.24197498,0.83678293,0.32693794,0.5275753
"species",122,122,0.9996656,0.9169996,0.8443955,0.9905207,0.58892816,0.97615117,0.3293419,0.7635537,0.99122894,0.5024967,0.79898757,0.32651508,0.24715976
"species",123,123,0.9327204,0.8876351,0.76837116,0.9214818,0.058892846,0.9576296,0.24716663,0.4173562,0.995993,0.24436879,0.7710442,0.27353877,0.15316159
"species",124,124,1,1,0.9455899,0.9379189,1,0.9949987,0.47796422,0.89949423,0.95249087,0.690206,0.4557579,0.56511354,0
"species",125,125,0.8999337,0.95092803,0.94595534,0.9290089,0.058892846,0.95331067,0.14882958,0.9093371,0.99235535,0.5285808,0.70041674,0.19911225,0.11950066
"species",126,126,1,0.9373887,0.7365736,0.8280681,0.64782095,0.98703367,0.16341943,0.5357593,0.9797352,0.27559996,0.77305174,0.3095399,0.118714154
"species",127,127,1,0.57728374,0.9695153,0.7856897,0.76560664,0.9552622,0.46813494,0.979308,1,0.729453,0.771819,0.39009732,0.33261025
"species",128,128,0.8544231,0.86958355,0.9445053,0.9548916,0.058892846,0.95172364,0.5286052,0.9080227,0.9945069,0.8215137,0.5409917,0.098247446,0
"species",129,129,1,0.9616166,0.7570939,0.9063553,0.58892816,0.9563844,0.35132623,0.72546315,0.95989007,0.3599108,0.681711,0.3496586,0.17199154
"species",130,130,0.9941877,0.94112986,0.87104106,0.76436895,0.058892846,0.99330205,0.4051649,0.85607505,0.9641547,0.4079307,0.58523023,0.13895555,0.028972426
"species",131,131,0.92353034,0.94636667,0.5557362,0.9451504,0.058892846,0.9815497,0.21998811,0.40551245,0.9896802,0.1803169,0.8124708,0.2657482,0.17759325
"species",132,132,1,0.94791466,0.98086244,0.99953663,0.058892846,0.9364515,0.41946983,0.9588316,0.98910993,0.4525218,0.706109,0.20878445,0.22962646
"species",133,133,0.87244177,0.964059,0.79132557,0.93659145,0.76560664,0.9573681,0.13311702,0.64332205,1,0.29722336,0.76891506,0.34066856,0.24195592
"species",134,134,0.656093,0.88948065,0.79771066,0.9991204,0.058892846,0.96015364,0.38740492,0.5718641,0.9856951,0.31103402,0.61285996,0.16190985,0.017289627
"species",135,135,0.8865447,0.9851905,0.6167639,0.90573823,0.058892846,0.94589174,0.19775248,0.24311554,0.985454,0.14263314,0.5654073,0.21269499,0.2149958
"species",136,136,1,0.76216745,0.9616501,0.9166826,0.64782095,0.8518648,0.13468307,0.9378491,0.9847623,0.537581,0.8641267,0.2636784,0.1709049
"species",137,137,0.9238235,0.87019295,0.8171794,0.9847966,0.058892846,0.9830302,0.24496472,0.6186827,0.99162334,0.49500012,0.70175856,0.2802613,0.33369288
"species",138,138,0.83252203,0.96029055,0.7896322,0.9624507,0.058892846,0.964804,0.3170222,0.7012081,0.98396987,0.46976236,0.7028477,0.2036018,0.15146366
"species",139,139,1,0.84535086,0.8633788,0.88462067,0.64782095,0.98790365,0.24247205,0.6927941,0.93875116,0.43170497,0.86890686,0.3101148,0.13008304
"species",140,140,0.79827416,0.9542875,0.92149156,0.8238982,0.058892846,0.9484057,0.20893443,0.86363506,0.9808068,0.064684846,0.5542039,0.081594385,0.06468108
"species",141,141,1,0.9092531,0.8368772,0.99886596,0.64782095,0.9676912,0.4244089,0.86292744,0.9600658,0.4293996,0.7156124,0.2744203,0.122839935
"species",142,142,1,0.9360471,0.9523287,0.9227902,0.64782095,0.86104196,0.15321052,0.91200256,0.9843259,0.5225527,0.8539769,0.32606784,0.10406644
"species",143,143,1,0.758699,0.9477312,0.7540557,0.76560664,0.9289158,0.21875173,0.91279894,1,0.16571783,0.8284965,0.28146157,0.3828445
"species",144,144,0.9985803,0.8825479,0.8548394,0.9167424,0.76560664,0.9281745,0.14525938,0.71336126,1,0.48509404,0.7963294,0.42815998,0.53622407
"species",145,145,0.91623837,0.9391924,0.89520615,0.95325804,0.058892846,0.9391121,0.19877875,0.8428914,0.9963369,0.5758801,0.6780055,0.22839373,0.33798018
"species",146,146,1,0.97618294,0.98351264,0.9553888,0.76560664,0.86144716,0.62260103,0.95024765,1,0.5210086,0.83286387,0.31539997,0.4724287
"species",147,147,0.99356663,0.97393703,0.881562,0.98224866,0.64782095,0.95209605,0.41055405,0.6497443,0.98982286,0.51478463,0.7745782,0.28618792,0.17374772
"species",148,148,0.9588824,0.9548214,0.86243546,0.98290086,0.058892846,0.93960446,0.33818948,0.7389768,0.990693,0.44435298,0.6190993,0.18270907,0.09334358
"species",149,149,0.994903,0.96221787,0.862041,0.97564465,0.76560664,0.8902842,0.3180191,0.58743334,0.9963248,0.3938481,0.802941,0.47202432,0.20813288
"species",150,150,1,0.7685509,0.94312197,0.8750853,0.58892816,0.9415036,0.24798745,0.8922182,0.91394377,0.17150615,0.7367832,0.49596992,0.07969123
"species",151,151,1,0.9731518,0.9355595,0.9247111,0.058892846,0.9166672,0.68328017,0.88252485,0.96902436,0.7059244,0.62308145,0.15944311,0.3319773
"species",152,152,1,0.9104041,0.8976105,0.9553864,0.64782095,0.9359468,0.12603158,0.76794845,0.99061733,0.41352767,0.74503917,0.319131,0.2487972
"species",153,153,0.99997073,0.92077965,0.8616097,0.9018809,0.76560664,0.96597207,0.35344458,0.75651455,0.99616593,0.40365455,0.7929812,0.30863866,0.37724283
"species",154,154,0.7820269,0.97059894,0.7012824,0.8999085,0.058892846,0.98053706,0.17717701,0.6718067,0.9630126,0.24957202,0.63553447,0.16856746,0.08538023
"species",155,155,1,0.97114694,0.6387614,0.95309293,0.058892846,0.9854017,0.32443625,0.7256912,0.97058296,0.29894787,0.6272345,0.20004632,0.098744996
"species",156,156,0.829692,0.9227251,0.87342894,0.9724675,0.058892846,0.99330527,0.61946857,0.786516,0.9813574,0.49961177,0.66206187,0.25474745,0.15613906
"species",157,157,1,0.7867023,0.9792809,0.75930464,0.76560664,0.78890914,0.44029534,0.96943635,1,0.29627404,0.712858,0.4218323,0.45909142
"species",158,158,1,0.9028558,0.98041725,0.90118915,0.5300354,0.9935194,0.1500529,0.9512324,0.92796594,0.6092635,0.7457668,0.2270594,0.10406644
"species",159,159,1,0.92788726,0.97720414,0.6484972,0.76560664,0.93251884,0.24538314,0.962788,1,0.84449214,0.84269917,0.24642342,0.5127306
"species",160,160,0.8915866,0.98356825,0.9483318,0.9255193,0.058892846,0.8824313,0.4997816,0.9017348,0.99603987,0.6837291,0.6086029,0.16613929,0.28898892
"species",161,161,1,0.92545605,0.98528105,0.67404926,0.5300354,0.8838902,0.2820232,0.96411765,0.8889812,0.15466806,0.717561,0.24856058,0.22278059
"species",162,162,0.9859791,0.82835674,0.8237016,0.95857924,0.76560664,0.98513377,0.28239292,0.70821095,0.9979941,0.38892785,0.8090068,0.2858212,0.26593328
"species",163,163,0.9984244,0.8998688,0.8436394,0.982485,0.76560664,0.93785924,0.3179338,0.605581,1,0.40407726,0.8461669,0.37292472,0.41767144
"species",164,164,0.9985548,0.99360216,0.562196,0.872828,0.058892846,0.9791848,0.18295616,0.36659378,0.9911132,0.14843017,0.8540275,0.46943653,0.38012442
"species",165,165,0.9118167,0.96236116,0.74066925,0.8954308,0.058892846,0.9787598,0.2496658,0.257506,0.9906937,0.17352922,0.629867,0.0891041,0.053426974
"species",166,166,0.9998539,0.86734635,0.9017384,0.9608403,0.64782095,0.86677843,0.18599933,0.8146108,0.9939946,0.5718066,0.7633292,0.31610078,0.2643661
"species",167,167,0.9999906,0.9247537,0.8619045,0.8997003,0.76560664,0.92578584,0.35393387,0.75496614,0.99616534,0.4028063,0.7859278,0.30544233,0.26576778
"species",168,168,0.99398386,0.9323247,0.76125383,0.82589835,0.76560664,0.89065427,0.22168213,0.36534894,1,0.19257583,0.80519074,0.43420002,0.48963106
"species",169,169,0.91327274,0.95581937,0.7091795,0.9570718,0.058892846,0.95648134,0.3018996,0.7178214,0.98498863,0.4461157,0.7537556,0.29901984,0.12505777
"species",170,170,0.98868465,0.5223645,0.99034137,0.6814474,0.64782095,0.73068804,0.42006826,0.9517598,0.99555475,0.6731115,0.81193024,0.28825003,0.32052112
"species",171,171,0.9999993,0.9860834,0.91741806,0.9958994,0.64782095,0.96918714,0.3563124,0.88685083,0.97212046,0.7192204,0.8531071,0.19787493,0.14597495
"species",172,172,0.9956996,0.97656333,0.7674564,0.95428133,0.76560664,0.97990173,0.18676901,0.77662593,1,0.3761852,0.7788384,0.42166853,0.42491454
"species",173,173,0.9969984,0.9516703,0.981321,0.9813074,0.58892816,0.851596,0.65281564,0.9475329,1,0.5366452,0.85557723,0.47913668,0.50971895
"species",174,174,1,0.77065676,0.9478198,0.7518561,0.58892816,0.94038415,0.21768123,0.9138595,1,0.1746086,0.79714406,0.35400966,0.46377593
"species",175,175,0.9998539,0.86734635,0.9017384,0.9608403,0.64782095,0.86677843,0.18599933,0.8146108,0.9939946,0.5718066,0.7633292,0.31610078,0.2643661
"species",176,176,0.8590849,0.9894161,0.69786227,0.9499509,0.058892846,0.98093367,0.14398527,0.3222183,0.99644697,0.16733189,0.7745103,0.33794513,0.34049603
"species",177,177,0.8600061,0.93717617,0.88706285,0.62065,0.058892846,0.93784094,0.27508628,0.81876135,0.9905915,0.59421206,0.6800921,0.23474789,0.15362835
"species",178,178,0.4911028,0.94791466,0.645452,0.96803284,0.058892846,0.83718705,0.24306446,0.49018806,0.9822555,0.055736657,0.68983376,0.28703478,0.16026483
"species",179,179,0.8034719,0.96777403,0.73598796,0.9851349,0.058892846,0.97051674,0.2200939,0.37990594,0.9911246,0.17971733,0.54653656,0.09289443,0.070919715
"species",180,180,1,0.9819236,0.80504966,0.75554216,0.64782095,0.9010248,0.21209341,0.6063973,0.9836411,0.3055105,0.8781579,0.36002734,0.10406644
"species",181,181,0.9947564,0.81393975,0.95635515,0.5487081,0.64782095,0.9755924,0.33456564,0.91303545,0.93899757,0.60842115,0.8084196,0.2712124,0.23382646
"species",182,182,1,0.87934434,0.9790944,0.89451456,0.5300354,0.99923235,0.1494819,0.9473647,0.9646275,0.61369115,0.7650799,0.2589018,0.13008304
"species",183,183,1,0.9090767,0.9166877,0.9360536,0.64782095,0.72746783,0.14373523,0.8468826,0.91771907,0.50355303,0.7570849,0.28933886,0.17199154
"species",184,184,0.92110157,0.94663346,0.9112572,0.987811,0.64782095,0.9571328,0.25045115,0.91563416,0.9783152,0.076135755,0.80843127,0.27364638,0.16622438
"species",185,185,1,0.9252223,0.8296007,0.9931835,0.64782095,0.959882,0.36321837,0.70910645,0.9723476,0.3225982,0.8342255,0.28290203,0.15898126
"species",186,186,1,0.9360471,0.9523287,0.9227902,0.64782095,0.86104196,0.15321052,0.91200256,0.9843259,0.5225527,0.8539769,0.32606784,0.10406644
"species",187,187,1,0.88070077,0.96855587,0.8120547,0.64782095,0.91292405,0.29465026,0.926839,0.9870644,0.6447246,0.8828501,0.24117815,0.16062266
"species",188,188,0.8999337,0.95092803,0.94595534,0.9290089,0.058892846,0.95331067,0.14882958,0.9093371,0.99235535,0.5285808,0.70041674,0.19911225,0.11950066
"species",189,189,1,0.9510418,0.9343289,0.709368,0.64782095,0.90713537,0.3410914,0.8789258,0.9628531,0.30174276,0.7893771,0.2952687,0.13692892
"species",190,190,1,0.83152294,0.86494195,0.91316336,0.76560664,0.9964262,0.5977293,0.84289503,1,0.3377357,0.7759671,0.3370778,0.26576778
"species",191,191,1,0.9767074,0.78589237,0.9459111,0.058892846,0.9618385,0.23920918,0.5854665,0.989092,0.30830613,0.6078395,0.492401,0.13788092
"species",192,192,0.9909682,0.903007,0.8528271,0.9238125,0.64782095,0.9483041,0.34579003,0.75752485,0.991445,0.40314776,0.8711783,0.34121773,0.10390493
"species",193,193,0.93168145,0.79374444,0.72728014,0.872762,0.76560664,0.93326473,0.21512884,0.5594734,0.99864995,0.11138143,0.72802496,0.31707144,0.55290645
"species",194,194,1,0.90638137,0.900064,0.99896574,0.76560664,0.9759771,0.38756764,0.8104793,0.99725777,0.38114548,0.7573937,0.410511,0.3654727
"species",195,195,0.97209704,0.9149889,0.8407178,0.93514216,0.76560664,0.92793894,0.20210236,0.7635101,1,0.46316752,0.7700386,0.40161845,0.29755157
"species",196,196,0.98008066,0.9614002,0.6913496,0.8990061,0.76560664,0.9598716,0.2174136,0.5919463,0.9972222,0.3057378,0.8312195,0.2990001,0.19224097
"species",197,197,1,0.9746834,0.97347957,0.96088105,0.76560664,0.8509936,0.34559572,0.913471,1,0.44916195,0.8029617,0.37794226,0.5013229
"species",198,198,0.97508144,0.95577854,0.8462716,0.99171335,0.64782095,0.96110916,0.31546217,0.6636399,0.99178785,0.4301595,0.7419205,0.25793254,0.15734382
"species",199,199,0.85131174,0.9377277,0.80088997,0.94140375,0.058892846,0.93144035,0.13193202,0.6590241,0.947946,0.31522164,0.6388478,0.07004601,0.10124711
"species",200,200,0.99587923,0.9080749,0.7946242,0.8431064,0.64782095,0.97963667,0.44271868,0.5958575,0.96390796,0.20013446,0.81365037,0.18455811,0.14757359
"species",201,201,1,0.98384136,0.9844127,0.8122734,0.5300354,0.9631586,0.504032,0.9602481,0.9974706,0.3887031,0.7042731,0.3370424,0.32465088
"species",202,202,1,0.77305156,0.9479408,0.75084466,0.58892816,0.9402914,0.217888,0.9141584,1,0.17480288,0.7654586,0.33149552,0.46541736
"species",203,203,1,0.8979682,0.9015522,0.9928849,0.76560664,0.9497804,0.39079696,0.8154418,1,0.37284398,0.9252209,0.31844395,0.42639047
"species",204,204,0.91378635,0.93815416,0.7319465,0.93734324,0.76560664,0.9259944,0.21850336,0.3868764,1,0.15384385,0.7514674,0.3883132,0.21913998
"species",205,205,0.9596925,0.93722713,0.85791403,0.8447989,0.76560664,0.9335649,0.25932384,0.8595351,0.9981832,0.028877437,0.7757465,0.32929635,0.35175014
"species",206,206,1,0.99651694,0.967869,0.9998826,0.76560664,0.99169904,0.2673893,0.9419223,0.9978027,0.7639193,0.7718071,0.26294383,0.2845413
"species",207,207,1,0.9028558,0.98041725,0.90118915,0.5300354,0.9935194,0.1500529,0.9512324,0.92796594,0.6092635,0.7457668,0.2270594,0.10406644
"species",208,208,0.9908243,0.919563,0.8777556,0.8314274,0.76560664,0.99276364,0.2568748,0.8597977,0.99877363,0.03439225,0.79668945,0.37255177,0.41354564
"species",209,209,1,0.92946804,0.9852486,0.6760982,0.5300354,0.90452373,0.28240156,0.96428764,0.90853983,0.14959326,0.72589886,0.32791528,0.23867248
"species",210,210,0.99650776,0.9836403,0.7633272,0.92635053,0.64782095,0.9770206,0.28147066,0.5870222,0.9866708,0.3491088,0.8190565,0.35230297,0.22130467
"species",211,211,0.8696015,0.9262285,0.7333205,0.8301192,0.058892846,0.92011064,0.29634225,0.54193497,0.95620507,0.20481445,0.6917978,0.27848068,0.19761889
"species",212,212,1,0.99511665,0.98580444,0.6051711,0.76560664,0.9338032,0.30945247,0.95224154,1,0.31813487,0.740164,0.46156645,0.36298835
"species",213,213,0.9974688,0.9607438,0.86113244,0.98228055,0.76560664,0.9474678,0.33800578,0.73420227,0.9980586,0.4416332,0.77192324,0.28205416,0.30768028
"species",214,214,0.85521233,0.9712536,0.56695914,0.87421876,0.76560664,0.94592273,0.23927438,0.2891081,0.99800545,0.13008435,0.8844394,0.2941886,0.32209226
"species",215,215,0.91732514,0.9582088,0.8387101,0.771128,0.058892846,0.9476223,0.531953,0.7144276,0.97044843,0.41163725,0.72207963,0.16650623,0.08099769
"species",216,216,1,0.98392713,0.8622184,0.945416,0.64782095,0.9928489,0.16576463,0.79811573,0.933059,0.44521376,0.78473294,0.33754608,0.2907057
