"species","x","y","C:/GIS_Course/MScThesis-MaviSantarelli/data/Predictors/Input/Reversed/Building_Density_Reversed.tif","C:/GIS_Course/MScThesis-MaviSantarelli/data/Predictors/Input/Reversed/DistWater_Reversed.tif","C:/GIS_Course/MScThesis-MaviSantarelli/data/Predictors/Input/Reversed/NOx_Stand_Reversed.tif","C:/GIS_Course/MScThesis-MaviSantarelli/data/Predictors/Input/Reversed/RGS_Reversed.tif","C:/GIS_Course/MScThesis-MaviSantarelli/data/Predictors/Input/Reversed/Runoff_Coefficient_Standardised_Reversed.tif","C:/GIS_Course/MScThesis-MaviSantarelli/data/Predictors/Input/Reversed/Slope_Proj_Reversed.tif","C:/GIS_Course/MScThesis-MaviSantarelli/data/Predictors/Input/Reversed/SoilMoisture_32bit_Reversed.tif","C:/GIS_Course/MScThesis-MaviSantarelli/data/Predictors/Input/Reversed/Traffic_Reversed.tif","C:/GIS_Course/MScThesis-MaviSantarelli/data/Predictors/Input/Reversed/Wood_Resample_Reversed.tif","C:/GIS_Course/MScThesis-MaviSantarelli/data/Predictors/Input/Grass_Stand.tif","C:/GIS_Course/MScThesis-MaviSantarelli/data/Predictors/Input/NDVI_median.tif","C:/GIS_Course/MScThesis-MaviSantarelli/data/Predictors/Input/NDVI_StDev.tif","C:/GIS_Course/MScThesis-MaviSantarelli/data/Predictors/Input/VegHeight.tif"
"species",1,1,1,0.9628397,0.6761067,0.9487811,0.76560664,0.7950914,0.2391417,0.45214146,1,0.07605933,0.8392159,0.35412556,0.40614104
"species",2,2,1,1,0.9849199,0.68042374,1,0.96523976,0.2808575,0.96700966,0.99893653,0.12917165,0.6385564,0.47392043,0.26521304
"species",3,3,1,0.9770976,0.9610597,0.9924198,0.64782095,0.9698741,0.26050967,0.9370356,0.95436895,0.6962826,0.72695273,0.2893318,0.15881975
"species",4,4,1,0.92530316,0.9499574,0.98918986,0.76560664,0.9792104,0.2563823,0.9243781,0.9977799,0.7079126,0.77641463,0.43936408,0.3479434
"species",5,5,1,0.95194227,0.65710473,0.9512172,0.058892846,0.85580707,0.23978227,0.44191796,0.9825651,0.07146199,0.7899446,0.5174739,0.17471164
"species",6,6,0.9900529,0.9727409,0.86609083,0.9730675,0.058892846,0.963493,0.12924409,0.7245197,0.994459,0.44033533,0.64263636,0.24012378,0.03618408
"species",7,7,1,1,0.9440156,1,1,0.9956108,0.86770093,0.90691775,0.96051884,0.6543405,0.50608176,0.5138044,0
"species",8,8,1,0.97973955,0.94656956,0.94747025,0.64782095,0.8930464,0.45716262,0.92882496,0.9842484,0.5312546,0.84754044,0.25099894,0.15609966
"species",9,9,1,0.9204932,0.96802896,0.9975512,0.64782095,0.8570028,0.6595783,0.95627797,0.98367035,0.7180191,0.7605871,0.29859522,0.13008304
"species",10,10,1,0.9974763,0.98149824,0.653769,1,0.9780405,0.39198512,0.9691232,0.98480356,0.49754187,0.60461706,0.37129167,0.14636819
"species",11,11,0.9745634,0.93170816,0.6355407,0.81076866,0.058892846,0.970543,0.28441173,0.482574,0.9798755,0.24859613,0.5201463,0.04911183,0
"species",12,12,1,0.9627856,0.9613233,0.9875504,0.64782095,0.91266763,0.12635273,0.94893074,0.8557442,0.5038629,0.76608306,0.29320806,0.18788345
"species",13,13,1,0.99931437,0.9979013,0.5143217,0.64782095,0.73008716,0.4242698,0.98403656,0.84750056,0.9054675,0.79521865,0.2974276,0.0911224
"species",14,14,1,0.96708834,0.614854,0.9420873,0.64782095,0.89133316,0.2402193,0.40199345,0.9574537,0.06612024,0.7939724,0.34571347,0.15321805
"species",15,15,1,0.9948982,0.98176086,0.4926728,0.76560664,0.8794008,0.2394548,0.9642688,0.99898446,0.44752,0.82203096,0.33044377,0.30191308
"species",16,16,1,0.86409765,0.8910028,0.89983946,0.76560664,0.9525665,0.24509966,0.83597434,1,0.31791666,0.75753796,0.38752395,0.3597095
"species",17,17,0.99830824,0.682317,0.98421735,0.8041868,0.64782095,0.89203507,0.30995142,0.9491087,0.9855327,0.4426037,0.7245013,0.3072928,0.20417258
"species",18,18,0.98202175,0.88668776,0.81754696,0.81448984,0.76560664,0.92758906,0.26416093,0.56087416,0.99801147,0.31533232,0.7956565,0.3766414,0.40021232
"species",19,19,1,0.960238,0.97301465,1,0.58892816,0.9326583,0.28947997,0.9530744,0.90631056,0.63094085,0.5978738,0.1340852,0.020249423
"species",20,20,1,0.9887755,0.9823113,0.7830881,0.76560664,0.8113425,0.31814033,0.9497315,1,0.30822474,0.79296255,0.3959738,0.43091348
"species",21,21,1,0.80777097,0.98375446,0.5351167,0.64782095,0.9087024,0.23191273,0.9530552,0.9917462,0.2656767,0.6883199,0.34114322,0.18119511
"species",22,22,0.98414606,0.88972497,0.8559148,0.962796,0.64782095,0.9444356,0.14899749,0.7108631,0.990801,0.25761867,0.82130593,0.26649293,0.23758584
"species",23,23,1,0.9186012,0.93565035,0.6563397,0.76560664,0.9599188,0.27267158,0.8637784,1,0.5247769,0.806484,0.502726,0.6442548
"species",24,24,1,0.97385734,0.98267573,0.57952523,0.64782095,0.8229046,0.24577153,0.9594497,0.98943937,0.45645863,0.7745999,0.28572872,0.3020746
"species",25,25,0.8027258,0.9922058,0.90535545,0.9977774,0.058892846,0.98408246,0.20116854,0.8784734,0.9914604,0.16228132,0.6968322,0.19816492,0.20333357
"species",26,26,0.99849576,0.95166284,0.8146548,0.90660816,0.58892816,0.959325,0.30662745,0.7106331,0.99066085,0.18031904,0.7163432,0.35879296,0.22241816
"species",27,27,1,0.91442883,0.92758334,0.9999353,0.64782095,0.9786073,0.25932384,0.9113211,0.9958976,0.11852699,0.7702377,0.3064208,0.17290874
"species",28,28,1,0.9905338,0.62004817,0.94975597,0.64782095,0.8150462,0.24191546,0.41982502,0.96218854,0.05882693,0.7780548,0.2676826,0.15609966
"species",29,29,1,0.85928214,0.95163345,0.61045635,0.76560664,0.962749,0.29695892,0.9118291,0.9993369,0.59436166,0.8239476,0.33737233,0.3494233
"species",30,30,0.9561414,0.88582575,0.8596155,0.99127847,0.76560664,0.9638096,0.2584378,0.5698606,0.9976434,0.5576909,0.72989637,0.20907035,0.37311307
"species",31,31,0.9946326,0.99607444,0.82173705,0.996613,0.058892846,0.994028,0.22665203,0.7662111,0.98875076,0.15709178,0.7521684,0.30021632,0.2730109
"species",32,32,0.91072315,0.69103324,0.9827832,0.6146127,0.76560664,0.91350436,0.32772547,0.93630314,0.9954622,0.22183591,0.73949856,0.3213724,0.26016608
"species",33,33,1,0.9935642,0.98380494,0.6637827,0.64782095,0.9756311,0.2474184,0.96566075,0.9902734,0.525994,0.7579819,0.41069144,0.43091348
"species",34,34,1,0.94979215,0.65753317,0.95220363,0.64782095,0.8664349,0.23978227,0.4445632,0.98161095,0.071470045,0.82095075,0.49982178,0.17923465
"species",35,35,1,0.94706005,0.9819289,0.5225774,0.76560664,1,0.24194646,0.9625079,0.9964006,0.4529151,0.7374224,0.34281415,0.22114317
"species",36,36,0.8111571,0.9592778,0.7197516,0.85736156,0.058892846,0.9543693,0.45841897,0.7282605,0.97552246,0.38296548,0.6735142,0.20537923,0.1386268
"species",37,37,1,1,0.8809729,0.9902416,1,0.9787066,0.36955506,0.8558668,0.9471008,0.38353232,0.52149373,0.36832237,0.027138058
"species",38,38,1,0.78580165,0.97624266,0.7832897,0.64782095,0.8559752,0.26865518,0.91635907,0.94040644,0.74457294,0.8924437,0.31485495,0.10406644
"species",39,39,1,0.9823653,0.98156714,0.66473144,0.76560664,0.92501605,0.39081144,0.9681732,1,0.49018043,0.71011907,0.39031887,0.5828171
"species",40,40,0.93509114,0.7734266,0.95657253,0.9842799,0.058892846,0.96228856,0.324422,0.93574154,0.98835486,0.6788498,0.6358062,0.25789377,0.14302707
"species",41,41,1,1,0.9574916,0.9994718,0.58892816,0.9870892,0.21956116,0.9075138,0.9722195,0.26315603,0.4566666,0.34679082,0.0057632094
"species",42,42,1,0.98265773,0.6378828,0.94979733,0.76560664,0.676268,0.24113959,0.4180181,0.9460863,0.061791584,0.78547215,0.29862142,0.10266075
"species",43,43,1,0.94321674,0.70678264,0.867585,0.76560664,0.9766802,0.45841897,0.7157707,0.99858344,0.36122614,0.7864759,0.37457904,0.29342583
"species",44,44,1,0.96746993,0.8754125,0.9651309,0.76560664,0.9683903,0.78489447,0.83983076,1,0.54485345,0.8260782,0.38718984,0.3539423
"species",45,45,1,0.99310356,0.95260644,0.94712365,0.76560664,0.98570406,0.14749265,0.9078967,1,0.5363962,0.79959786,0.34281546,0.46089435
"species",46,46,1,0.9665956,0.60472864,0.94112134,0.64782095,0.8978194,0.24010932,0.39853042,0.9570472,0.06713903,0.77374446,0.2530835,0.115435325
"species",47,47,1,0.9853671,0.8625222,0.96234953,0.76560664,0.9852888,0.6721275,0.7591007,0.9930609,0.5646496,0.8207044,0.2757399,0.15970547
"species",48,48,0.9999273,0.9843385,0.69635284,0.97463846,0.76560664,0.99748236,0.26139086,0.56627035,0.99457115,0.26656085,0.76404774,0.26446274,0.18375766
"species",49,49,1,0.85350305,0.936496,0.93644005,0.76560664,0.9371824,0.44189608,0.9103174,1,0.8328235,0.8383149,0.31253675,0.50156265
"species",50,50,0.99995375,0.99607444,0.6884856,0.9362507,0.76560664,0.7709557,0.23751593,0.41225088,0.9946354,0.086664274,0.8309178,0.26942846,0.30247185
"species",51,51,1,0.8954863,0.84983593,0.73057014,0.64782095,0.96013594,0.2216683,0.57445043,0.98689234,0.32963222,0.8706368,0.36254168,0.14145194
"species",52,52,0.93043673,0.992553,0.7147411,0.86164194,0.76560664,0.8875933,0.23273045,0.28798938,1,0.14441451,0.8735628,0.3203882,0.4796678
"species",53,53,1,0.97794455,0.7883467,0.9996569,0.64782095,0.81250465,0.42465556,0.87430847,0.98310614,0.2532414,0.90717226,0.2612812,0.19348516
"species",54,54,0.99975055,0.98011017,0.67750925,0.94241107,0.76560664,0.7473494,0.2384162,0.42870855,0.9964537,0.08086506,0.7980324,0.32086384,0.14597495
"species",55,55,1,0.95231414,0.95505416,0.9252514,0.64782095,0.9540632,0.65901816,0.9236526,0.9940865,0.7934758,0.83631545,0.28522173,0.16458693
"species",56,56,0.99999624,0.8733189,0.78507906,0.94166076,0.64782095,0.9494277,0.14792484,0.65823245,0.99183124,0.23607579,0.88860095,0.27010387,0.26468912
"species",57,57,1,0.949461,0.6955402,0.8687064,0.76560664,0.97270817,0.45841897,0.7213826,1,0.36185858,0.7695809,0.36148685,0.30892047
"species",58,58,1,0.85928214,0.95163345,0.61045635,0.76560664,0.962749,0.29695892,0.9118291,0.9993369,0.59436166,0.8239476,0.33737233,0.3494233
"species",59,59,1,0.79646266,0.9803084,0.9243006,0.76560664,0.9248528,0.27272666,0.90647703,1,0.7445416,0.8056773,0.36023504,0.36203235
"species",60,60,1,0.7552013,0.98616546,0.7854651,0.64782095,0.9250492,0.19255018,0.94474316,0.9240506,0.447406,0.7343474,0.38302112,0.14473076
"species",61,61,1,0.95274144,0.9570319,0.9106692,0.64782095,0.96390784,0.7048147,0.9269047,0.9643161,0.715026,0.7704945,0.2459877,0.16622438
"species",62,62,0.9741727,0.99651694,0.9483968,0.94807404,0.76560664,0.9740831,0.14642125,0.90711284,1,0.53937,0.7463042,0.3710691,0.41174272
"species",63,63,1,0.9086529,0.9275888,0.9992026,0.76560664,0.97816646,0.25932384,0.9113149,1,0.11742802,0.7800363,0.34621343,0.21825759
"species",64,64,0.99665916,0.9537959,0.66553056,0.9238297,0.76560664,0.7910372,0.2370311,0.359689,1,0.09173523,0.8240811,0.38562962,0.44428217
"species",65,65,1,0.9709696,0.6184237,0.94323564,0.64782095,0.89121926,0.2403298,0.40349126,0.95175344,0.06534759,0.80129206,0.3275126,0.13404733
"species",66,66,1,0.7867023,0.9792809,0.75930464,0.76560664,0.78890914,0.44029534,0.96943635,1,0.29627404,0.712858,0.4218323,0.45909142
"species",67,67,1,0.89677805,0.93096584,0.73195744,0.8244994,0.8050357,0.37052417,0.84024525,0.9356973,0.29282895,0.8294429,0.288439,0.13008304
"species",68,68,1,0.9763706,0.879911,0.9688649,0.76560664,0.99076277,0.78890884,0.8408863,1,0.543804,0.8374501,0.37398592,0.39024913
"species",69,69,1,0.7388824,0.9728834,0.9389137,0.76560664,0.9082822,0.8133091,0.953586,1,0.63603795,0.8102029,0.38337713,0.35574523
"species",70,70,1,0.9787298,0.8093267,0.921204,0.64782095,0.9712287,0.593207,0.7318429,0.99562895,0.5398798,0.82606953,0.34905082,0.45336303
"species",71,71,0.7950765,0.9387368,0.91585845,0.9934701,0.058892846,0.9685523,0.25932384,0.9091148,0.9836793,0.12629034,0.6112457,0.18622285,0.1782747
"species",72,72,1,0.90959126,0.92760307,0.99884516,0.76560664,0.9781973,0.25932384,0.91156656,0.99815536,0.11795946,0.740804,0.44457778,0.23851097
"species",73,73,1,0.98948866,0.98196167,0.5084356,0.76560664,0.88641995,0.24067777,0.96548086,0.9963981,0.45905158,0.78515726,0.3560154,0.21662015
"species",74,74,1,0.9960686,0.9845025,0.6398717,0.76560664,0.8767721,0.26497585,0.9651368,1,0.16539188,0.77534634,0.38993677,0.2861827
"species",75,75,0.9741727,0.99651694,0.9483968,0.94807404,0.76560664,0.9740831,0.14642125,0.90711284,1,0.53937,0.7463042,0.3710691,0.41174272
"species",76,76,1,0.7154852,0.98469543,0.80995774,0.58892816,0.8419222,0.31845236,0.94975716,0.9989995,0.44152072,0.8118493,0.2878989,0.28742686
"species",77,77,0.9999734,0.9802592,0.92666054,0.99173397,0.64782095,0.9627403,0.25932384,0.91740435,0.98427427,0.12422188,0.7977043,0.2788383,0.17939617
"species",78,78,0.89507914,0.98428726,0.4664865,0.99350876,0.058892846,0.8902254,0.37606072,0.6532748,0.9910543,0.074376106,0.6680717,0.2510376,0.13689923
"species",79,79,1,0.9806718,0.49570942,0.93015295,0.76560664,0.59705055,0.23978251,0.37970173,0.96095574,0.07360039,0.80290216,0.27132797,0.19636674
"species",80,80,1,0.7719599,0.96883297,0.93850136,0.64782095,0.8805327,0.15302247,0.943971,0.99762654,0.6287306,0.7330576,0.433952,0.4361219
"species",81,81,1,0.96420884,0.65899765,0.9461935,0.58892816,0.80219,0.23914182,0.4273668,0.97744966,0.07574549,0.78398764,0.3640282,0.17319298
"species",82,82,0.9853909,0.97638416,0.86791116,0.97188747,0.058892846,0.93284553,0.12906593,0.7307239,0.99632335,0.44154328,0.61321616,0.09863382,0.085359186
"species",83,83,1,0.8409614,0.9379756,0.65993917,0.64782095,0.89478594,0.27278954,0.8672544,0.98194885,0.5073553,0.7853999,0.41241607,0.20324744
"species",84,84,1,0.9856648,0.96570605,0.9974948,0.64782095,0.9414355,0.27924973,0.9608571,0.9141396,0.6481535,0.65456825,0.3812924,0.08273435
"species",85,85,1,0.8696452,0.94753313,0.87473035,0.58892816,0.949278,0.14682561,0.86046773,0.9550205,0.48764247,0.6526317,0.4675659,0.10406644
"species",86,86,1,0.9803424,0.55812275,0.93757445,0.76560664,0.80965096,0.24010938,0.39169753,0.9526937,0.068478934,0.8172936,0.2567718,0.12736295
"species",87,87,1,0.98290086,0.9564999,0.9875214,0.64782095,0.8750654,0.2917986,0.9748197,0.9930671,0.35339415,0.79646885,0.344432,0.32340667
"species",88,88,0.9909682,0.903007,0.8528271,0.9238125,0.64782095,0.9483041,0.34579003,0.75752485,0.991445,0.40314776,0.8711783,0.34121773,0.10390493
"species",89,89,1,0.9254889,0.9831609,0.6178954,0.64782095,0.9386255,0.24840575,0.9561384,0.9949137,0.4673115,0.73992723,0.33132988,0.22815055
"species",90,90,1,0.9764953,0.62098247,0.94492644,0.64782095,0.89347273,0.24085402,0.40949237,0.93140453,0.062446862,0.79096544,0.25603178,0.10406644
"species",91,91,0.8700746,0.9437853,0.7041925,0.94383377,0.058892846,0.91671574,0.27402425,0.7330063,0.9701083,0.41989532,0.66068256,0.1685117,0.1515846
"species",92,92,1,0.8995674,0.93751156,0.9952346,0.58892816,0.86201847,0.20825815,0.83410525,1,0.6390425,0.8101323,0.35750774,0.3208481
"species",93,93,0.8617428,0.8851993,0.859894,0.9410376,0.058892846,0.97567725,0.6906343,0.7808376,0.98274666,0.5875667,0.63718504,0.20990969,0.076526545
"species",94,94,1,0.8950692,0.9277203,0.99767584,0.64782095,0.9844325,0.25932384,0.783317709150142,0.9720111,0.11277972,0.758941889240506,0.323723126978933,0.10406644
"species",95,95,1,1,0.98357004,0.6427917,1,0.96428275,0.34761137,0.96210414,0.9903822,0.27333996,0.5354701,0.26707387,0
"species",96,96,1,0.8789009,0.9240252,0.98553455,0.58892816,0.91412044,0.1930151,0.8054103,0.9858997,0.58633554,0.5894063,0.40743926,0.17254631
"species",97,97,1,0.81977797,0.9702998,0.82122993,0.64782095,0.9657783,0.28906393,0.91310155,0.99153113,0.6696842,0.7998246,0.3539895,0.4224262
"species",98,98,1,0.97412324,0.67096555,0.92545223,0.76560664,0.72461396,0.23679912,0.36792123,0.9980407,0.09263339,0.74757344,0.46602863,0.36623636
"species",99,99,0.7188202,0.92377585,0.96294075,0.8900318,0.058892846,0.9476491,0.09479374,0.9223345,0.9920105,0.5420444,0.68874294,0.2478627,0.14585797
"species",100,100,0.9991632,0.79466677,0.930389,0.5600225,1,0.94848603,0.30136752,0.85718673,0.99123424,0.6401122,0.69148076,0.47063345,0.2807425
"species",101,101,0.91469616,0.975268,0.7255251,0.8552066,0.058892846,0.92825687,0.23220038,0.29724258,0.97366077,0.1494607,0.7902393,0.30612448,0.23703109
"species",102,102,1,0.9883869,0.92429733,0.99957913,0.64782095,0.98472387,0.25932384,0.9238017,0.8769514,0.12943664,0.7430287,0.32145584,0.12556003
"species",103,103,0.99999446,0.9338434,0.91914326,0.9783838,0.058892846,0.898314,0.21121997,0.9144815,0.9939946,0.41915187,0.68573684,0.23679371,0.36026824
"species",104,104,0.8462202,0.95358795,0.74203575,0.9669989,0.64782095,0.9720637,0.30570555,0.7051302,0.9559187,0.44934908,0.820559,0.2749508,0.1264812
"species",105,105,0.99959457,0.9930491,0.98134935,0.6374014,0.64782095,0.9472023,0.39658004,0.97074944,0.9948851,0.51785,0.8110805,0.21216181,0.15337956
"species",106,106,0.92705804,0.9860834,0.6927644,0.9407384,0.76560664,0.75273496,0.23801166,0.4303081,0.9980353,0.08347208,0.8518557,0.32082698,0.37724283
"species",107,107,1,0.9953253,0.68419456,0.93434393,0.76560664,0.71581364,0.23741812,0.40627962,0.99804205,0.08756851,0.7914697,0.2597312,0.30066893
"species",108,108,1,0.8954381,0.98174715,0.68583226,0.5300354,0.99464893,0.3816241,0.96514153,0.9716136,0.42873654,0.6944986,0.20502023,0.10734527
"species",109,109,1,0.9946076,0.9817524,0.4919231,0.76560664,0.8794008,0.2394548,0.9642688,0.99898446,0.44752,0.82203096,0.33044377,0.30191308
"species",110,110,0.97829866,0.9604595,0.71979725,0.87978035,0.64782095,0.9617978,0.25574088,0.756995,0.99773496,0.41021734,0.73685706,0.39213192,0.28330112
"species",111,111,1,0.98007286,0.7855148,0.83845735,0.64782095,0.9378739,0.5049741,0.6850349,0.9964788,0.37805653,0.7774455,0.21230966,0.19980709
"species",112,112,1,0.94738716,0.5996108,0.92932063,0.76560664,0.92198676,0.2384162,0.37072688,0.98359096,0.08011776,0.7898286,0.23343605,0.16622438
"species",113,113,1,0.83970046,0.9501668,0.9987979,0.058892846,0.96554273,0.2218017,0.8916053,0.99614394,0.5010817,0.7010662,0.4476997,0.3628308
"species",114,114,0.9999744,0.9483665,0.7773912,0.803077,0.76560664,0.818088,0.21107054,0.5563226,0.9964218,0.21196498,0.8005673,0.3291276,0.18031733
"species",115,115,0.99591374,0.97548187,0.8509635,0.9684732,0.058892846,0.9862523,0.6167809,0.6961498,0.9927041,0.48253912,0.67199105,0.32117242,0.28282964
"species",116,116,0.8222617,0.9257364,0.8492977,0.96075094,0.76560664,0.9536527,0.17489976,0.7395539,0.9975244,0.44553077,0.64852315,0.21493946,0.3168765
"species",117,117,1,0.9800297,0.9508342,0.9384756,0.64782095,0.82239324,0.43198407,0.9296001,0.9878775,0.49107683,0.8242598,0.2939395,0.30863225
"species",118,118,1,0.9551017,0.8553554,0.9863515,0.58892816,0.909103,0.42299736,0.83816206,0.95150524,0.21139568,0.71677214,0.4277485,0.07804983
"species",119,119,0.96496385,0.90294135,0.9110097,0.903976,0.058892846,0.9533733,0.36532414,0.9019894,0.99623454,0.850401,0.6281403,0.22198111,0.33652532
"species",120,120,0.9999273,0.9843385,0.69635284,0.97463846,0.76560664,0.99748236,0.26139086,0.56627035,0.99457115,0.26656085,0.76404774,0.26446274,0.18375766
"species",121,121,1,0.88716054,0.9846302,0.6948923,0.64782095,0.96422446,0.2569775,0.9452528,0.9709057,0.49113834,0.6890796,0.3021503,0.17035015
"species",122,122,0.92705804,0.9860834,0.6927644,0.9407384,0.76560664,0.75273496,0.23801166,0.4303081,0.9980353,0.08347208,0.8518557,0.32082698,0.37724283
"species",123,123,0.8999337,0.95092803,0.94595534,0.9290089,0.058892846,0.95331067,0.14882958,0.9093371,0.99235535,0.5285808,0.70041674,0.19911225,0.11950066
"species",124,124,1,0.97162646,0.8026748,0.9703954,0.64782095,0.8766622,0.45841897,0.8647258,0.9544879,0.31614554,0.8674053,0.30578092,0.10858945
"species",125,125,1,0.6784433,0.9531765,0.9818693,0.64782095,0.90127695,0.37595743,0.9175536,0.9975496,0.7522908,0.8512974,0.35018802,0.18172301
"species",126,126,0.9481761,0.7696812,0.95691806,0.986254,0.058892846,0.9843793,0.32757944,0.9351761,0.9911072,0.6823419,0.67637974,0.25375468,0.21523947
"species",127,127,1,0.9118722,0.7588975,0.90890706,0.64782095,0.9486903,0.2118038,0.47578144,0.9935092,0.10875769,0.7642039,0.3795635,0.14456926
"species",128,128,1,0.9734408,0.6679801,0.9440032,0.64782095,0.75801504,0.23872429,0.42765582,0.9858366,0.078677304,0.80546683,0.27597168,0.16350427
"species",129,129,0.99463737,0.94964993,0.94972587,0.9191399,0.76560664,0.963096,0.14934725,0.9102536,0.9974033,0.5189889,0.78350025,0.30181462,0.37927747
"species",130,130,0.98989046,0.83351934,0.9632055,0.9825771,0.64782095,0.8959396,0.68141633,0.95601755,0.990439,0.7362095,0.8122555,0.2524382,0.2516788
"species",131,131,1,0.9275392,0.805145,0.9095041,0.76560664,0.9803039,0.581403,0.7616431,0.9965628,0.55189735,0.7824178,0.39982852,0.23686957
"species",132,132,0.9725869,0.85758835,0.9467451,0.8850651,0.64782095,0.89326245,0.15450758,0.8615805,0.9758298,0.50308704,0.8493064,0.22071177,0.15321805
"species",133,133,1,0.82055825,0.97781897,0.8231908,0.64782095,0.97405905,0.4015203,0.9749484,0.9939946,0.7440808,0.8376465,0.32473597,0.23250808
"species",134,134,1,0.8064573,0.90553856,0.7658915,0.76560664,0.9625811,0.20417559,0.86198705,1,0.22422363,0.7915904,0.37571698,0.5306184
"species",135,135,1,0.8379344,0.807129,0.91686887,0.64782095,0.89007443,0.23294663,0.47718215,0.96028745,0.22510044,0.8586759,0.22528294,0.14473076
"species",136,136,1,0.9963545,0.82307065,0.95580125,0.76560664,0.9902265,0.6141613,0.69899774,1,0.49845186,0.79985636,0.4120605,0.31664693
"species",137,137,0.99765456,0.9962376,0.9493512,0.9443182,0.76560664,0.98783505,0.14771849,0.9077248,1,0.53653467,0.7434594,0.360651,0.4796678
"species",138,138,1,0.9751729,0.8269727,0.98957866,0.76560664,0.9338548,0.31688774,0.70710945,1,0.4673529,0.80063885,0.36713007,0.19728394
"species",139,139,0.99166775,0.9633528,0.7104484,0.9153947,0.64782095,0.9582538,0.35866004,0.7223896,0.997846,0.3452456,0.85238457,0.37916368,0.18863912
"species",140,140,1,0.9460174,0.62845683,0.9375016,0,0.56333053,0.23893219,0.38930315,0.9868855,0.07774822,0.7696499,0.20551479,0.26396886
"species",141,141,1,0.91638947,0.9275991,0.99897206,0.76560664,0.9783618,0.25932384,0.91182446,0.9986816,0.119767606,0.64426625,0.32999945,0.18211626
"species",142,142,1,0.990938,0.9853673,0.58343583,0.76560664,0.91362965,0.25999796,0.9617012,0.9989502,0.21585096,0.7484163,0.28552276,0.24247126
"species",143,143,1,0.85726726,0.9591757,0.9503294,0.64782095,0.9865141,0.6571647,0.94217587,0.9904601,0.77590847,0.86224824,0.2644257,0.18680078
"species",144,144,1,0.9563299,0.64037776,0.9528816,0.8244994,0.7500161,0.24032962,0.43503022,0.9774484,0.06816046,0.8087237,0.32532907,0.13008304
"species",145,145,1,0.98730177,0.98141336,0.6522314,0.76560664,0.9457434,0.39354497,0.96993643,1,0.5063075,0.7570129,0.38767633,0.33477956
"species",146,146,1,0.89022607,0.9276758,0.99900156,0.64782095,0.9923891,0.25932384,0.783317709150142,0.9736607,0.11064284,0.764206,0.26018962,0.12267843
"species",147,147,1,0.91582954,0.8422894,0.95935416,0.76560664,0.9010717,0.3202169,0.72626543,0.99873483,0.4138512,0.8324779,0.27907845,0.16458297
"species",148,148,0.9994098,0.9357843,0.8900453,0.82089895,0.64782095,0.9952341,0.25572938,0.8611079,0.9928382,0.031687796,0.75306535,0.38806483,0.37615615
"species",149,149,1,0.9767586,0.962952,0.99314725,0.5300354,0.9911846,0.27603865,0.95670176,0.9744199,0.6590268,0.74405074,0.23237857,0.14020775
"species",150,150,0.49825436,0.950033,0.6460757,0.9666994,0.058892846,0.83515084,0.2430644,0.4876395,0.9854789,0.055953395,0.5838455,0.14835843,0.09095111
"species",151,151,1,0.990003,0.94660115,0.97657114,0.76560664,0.8324172,0.40944153,0.90827245,1,0.74864143,0.7533298,0.30995315,0.23398797
"species",152,152,1,0.8851044,0.98458654,0.700966,0.64782095,0.9565095,0.25765693,0.94598484,0.9791455,0.49121946,0.71248615,0.24756806,0.19348516
"species",153,153,1,0.9875236,0.95067066,0.9430406,0.64782095,0.93054366,0.43695092,0.92868996,0.9892243,0.50544804,0.83516186,0.28270623,0.18624204
"species",154,154,1,0.9015556,0.9748979,0.9920371,0.64782095,0.93211734,0.31855112,0.9756664,0.88606256,0.49250638,0.672008,0.32081938,0.07228662
"species",155,155,1,0.96225035,0.9389178,0.95000196,0.64782095,0.84924304,0.47320002,0.927005,0.9900012,0.5458523,0.8311381,0.37165666,0.17018864
"species",156,156,1,0.9497012,0.65501344,0.9515919,1,0.82070214,0.23978227,0.4392736,0.9856676,0.07147208,0.7028928,0.39842588,0.15438403
"species",157,157,0.852249,0.9134028,0.81515944,0.9680545,0.058892846,0.98065007,0.19549733,0.74785507,0.9960037,0.35584313,0.7363358,0.33128262,0.32700855
"species",158,158,1,0.93242174,0.94433117,0.99821585,0.64782095,0.60917443,0.122766495,0.9117263,0.9913071,0.4754449,0.7555607,0.34036338,0.20541278
"species",159,159,0.9999666,0.99607444,0.88142174,0.90692216,0.76560664,0.93909776,0.2167384,0.8000278,0.9984628,0.42813525,0.8314807,0.32985574,0.2522067
"species",160,160,0.81757903,0.8889885,0.7721154,0.9939298,0.058892846,0.9620279,0.38655674,0.5630682,0.99611205,0.29154676,0.6355714,0.21324642,0.12261217
"species",161,161,0.8355159,0.9935909,0.7044264,0.8662202,0.058892846,0.89299315,0.2329467,0.2828787,0.9923224,0.14020474,0.75999826,0.38801524,0.3554302
"species",162,162,1,0.8353233,0.93290305,0.9127921,0.64782095,0.9682372,0.65151983,0.80472684,0.92618734,0.7480331,0.87612545,0.3345568,0.10858945
"species",163,163,1,0.9420571,0.70990825,0.8659121,0.64782095,0.9763267,0.45841897,0.71382666,0.9987851,0.36335933,0.76207507,0.2927668,0.36446428
"species",164,164,1,0.98950094,0.8133659,0.98438305,0.64782095,0.9573992,0.31614166,0.70165205,0.98867,0.46648702,0.8074779,0.36425316,0.10858945
"species",165,165,1,0.9097294,0.8955362,0.8270098,0.58892816,0.9647444,0.25603223,0.85922915,0.97700727,0.036315322,0.7149989,0.50640744,0.010124711
"species",166,166,1,0.96455765,0.9353019,0.61722994,0.76560664,0.93100536,0.29237378,0.8555814,0.99867594,0.6490212,0.7980487,0.38323188,0.5085661
"species",167,167,0.9087604,0.86603653,0.88607943,0.78036284,0.58892816,0.98098034,0.4143247,0.7383565,0.99941075,0.3246449,0.87648165,0.280189,0.42350885
"species",168,168,1,0.9422431,0.92796916,0.9968355,0.64782095,0.9984704,0.25932384,0.783317709150142,0.9311304,0.12730114,0.758941889240506,0.323723126978933,0.11419115
"species",169,169,1,0.9674518,0.94957453,0.9928442,0.64782095,0.9634962,0.33845967,0.88511854,0.9977788,0.6880384,0.80756813,0.2697396,0.31360498
"species",170,170,1,0.8422078,0.9132226,0.89168584,0.76560664,0.88789,0.669291,0.8040924,0.9990152,0.7075604,0.7664676,0.3045329,0.31724226
"species",171,171,0.985105,0.97973955,0.8986537,0.69964135,0.058892846,0.9744089,0.24715757,0.9157915,0.9697715,0.25184646,0.51766,0.07204789,0
"species",172,172,0.9999782,0.99430466,0.70712936,0.98142606,0.76560664,0.99496686,0.25752902,0.56613314,0.9993009,0.2606442,0.7617527,0.3376621,0.32396543
"species",173,173,0.9998833,0.9960686,0.92489547,0.63042986,0.64782095,0.8639003,0.28575367,0.84796077,0.9973645,0.6238907,0.8515934,0.24084671,0.40365267
"species",174,174,1,0.89325064,0.97543174,0.93250823,0.58892816,0.8862535,0.33734328,0.9004766,1,0.4000842,0.87512726,0.37617713,0.39345375
"species",175,175,1,0.99281764,0.60654914,0.9513613,0.64782095,0.8699552,0.24254161,0.42631578,0.9783121,0.05568717,0.82216805,0.34195557,0.2229421
"species",176,176,1,0.98101074,0.9296669,0.99293226,0.64782095,0.9837657,0.882531,0.9233884,0.9399696,0.6148037,0.81275296,0.30549607,0.14145194
"species",177,177,0.9345289,0.8755444,0.74619436,0.91148883,0.058892846,0.9574269,0.21289206,0.4947374,0.9703753,0.10476271,0.7271225,0.3223512,0.21225865
"species",178,178,1,0.9941889,0.6101084,0.95762736,1,0.6880667,0.24306369,0.4398042,0.9871948,0.053797804,0.72539246,0.30501738,0.18284842
"species",179,179,1,0.99743474,0.8423622,0.9651821,0.76560664,0.9686202,0.6174063,0.7038058,0.9978115,0.47784364,0.8061072,0.37391952,0.33697173
"species",180,180,0.8527118,0.9290071,0.847859,0.99391824,0.058892846,0.95752376,0.51174283,0.84851605,0.9724058,0.18823728,0.62659335,0.12444992,0.06518795
"species",181,181,1,0.9746834,0.97347957,0.96088105,0.76560664,0.8509936,0.34559572,0.913471,1,0.44916195,0.8029617,0.37794226,0.5013229
"species",182,182,1,0.85928214,0.95163345,0.61045635,0.76560664,0.962749,0.29695892,0.9118291,0.9993369,0.59436166,0.8239476,0.33737233,0.3494233
"species",183,183,0.99998045,0.8920099,0.7999823,0.9064648,0.76560664,0.81527025,0.2780978,0.63364416,1,0.3593118,0.75554913,0.39710405,0.46361443
"species",184,184,1,0.7520758,0.96285063,0.92179036,0.76560664,0.85453665,0.33183104,0.9057212,1,0.5378754,0.96948195,0.365868,0.36439404
"species",185,185,1,0.97355276,0.95115125,0.9386425,0.64782095,0.8830583,0.42562747,0.9299204,0.99131095,0.48484898,0.8338185,0.28781042,0.20689267
"species",186,186,1,0.9553115,0.9126375,0.723915,0.64782095,0.7143787,0.24639899,0.8091116,0.9574362,0.49296045,0.77924216,0.14844346,0.19388239
"species",187,187,1,0.99746114,0.72877645,0.9018663,0.64782095,0.98803115,0.2650206,0.75764596,0.9962394,0.4273716,0.7155252,0.36415365,0.25417113
"species",188,188,1,0.9523126,0.9762414,0.99891686,0.58892816,0.9171184,0.26145148,0.94068086,0.99856114,0.65468484,0.8894635,0.25937334,0.41914734
"species",189,189,1,0.9904481,0.90493524,0.99155784,0.76560664,0.9854273,0.34565943,0.88126117,1,0.73668295,0.83337426,0.36670238,0.3681968
"species",190,190,1,0.92391896,0.88058895,0.9081834,0.76560664,0.98131704,0.58543414,0.74631023,1,0.6081784,0.81501734,0.3653662,0.4411997
"species",191,191,1,0.90767336,0.9275748,0.99988496,0.76560664,0.97870004,0.25932384,0.9110601,0.998681,0.11634613,0.793381,0.365489,0.22674486
"species",192,192,1,0.95400995,0.90140575,0.80088824,0.64782095,0.92409015,0.43234313,0.67246616,0.99684423,0.25688735,0.78852826,0.33620828,0.20525126
"species",193,193,1,1,0.94060856,0.9368731,1,0.9873312,0.49662644,0.89675987,0.99073946,0.7011418,0.47055468,0.43922323,0
"species",194,194,1,0.91817766,0.9471744,0.9955686,0.64782095,0.92449903,0.2083981,0.86124086,0.96077,0.6564286,0.77117234,0.29154676,0.11583255
"species",195,195,1,0.9763706,0.8928306,0.9960176,0.64782095,0.99299085,0.6507107,0.76536566,0.9790834,0.5201261,0.80369407,0.37400326,0.13008304
"species",196,196,1,0.9186012,0.93565035,0.6563397,0.76560664,0.9599188,0.27267158,0.8637784,1,0.5247769,0.806484,0.502726,0.6442548
"species",197,197,1,0.7561854,0.93606496,0.79929876,0.58892816,0.8832574,0.36392874,0.8961648,0.99331534,0.29665622,0.6785027,0.41751748,0.16901867
"species",198,198,1,0.85928214,0.95163345,0.61045635,0.76560664,0.962749,0.29695892,0.9118291,0.9993369,0.59436166,0.8239476,0.33737233,0.3494233
"species",199,199,0.9999993,0.9617191,0.8772754,0.97791964,0.5300354,0.9951524,0.6181538,0.69786125,0.989887,0.4697375,0.76119256,0.30988684,0.21209714
"species",200,200,1,0.91638947,0.9275991,0.99897206,0.76560664,0.9783618,0.25932384,0.91182446,0.9986816,0.119767606,0.64426625,0.32999945,0.18211626
"species",201,201,1,0.9968704,0.8411887,0.964507,1,0.9623881,0.61718804,0.7032006,0.9974149,0.47854802,0.65932226,0.49386495,0.2745781
"species",202,202,1,0.9826808,0.8792399,0.9699799,0.76560664,0.986632,0.79200965,0.84129417,1,0.545314,0.81882936,0.3778451,0.355675
"species",203,203,1,0.9645797,0.6604537,0.94649386,0.058892846,0.802019,0.23914182,0.42984003,0.98254895,0.07584581,0.80666137,0.2970015,0.19232315
"species",204,204,0.9898342,0.98890716,0.75752753,0.9064036,0.058892846,0.9892818,0.23567897,0.60068333,0.9525861,0.3691874,0.57505715,0.08346635,0.0028816047
"species",205,205,1,0.8622641,0.91472065,0.8465966,0.64782095,0.9571737,0.42663872,0.9020545,0.95887035,0.5154125,0.76950854,0.29051486,0.10406644
"species",206,206,0.6019388,0.9901817,0.67808723,0.8522136,0.058892846,0.95145065,0.23814213,0.31908435,0.9923802,0.16559735,0.6101056,0.2304997,0.028816046
"species",207,207,1,0.9057543,0.9175229,0.915717,0.58892816,0.97302276,0.25932384,0.85223174,0.9893893,0.05383607,0.7544531,0.4201347,0.15881975
"species",208,208,1,0.95118904,0.7715207,0.8020257,0.76560664,0.7772495,0.21090716,0.55296266,0.99799687,0.21408932,0.8157228,0.35443026,0.32644978
"species",209,209,0.9993382,0.99213755,0.952474,0.944959,0.76560664,0.98151565,0.14805561,0.90813094,1,0.5353838,0.78518236,0.3751682,0.48979253
"species",210,210,1,0.95064193,0.8889602,0.98208255,0.8244994,0.99752015,0.618695,0.7005683,0.9898879,0.46516794,0.7139193,0.4742966,0.22946496
"species",211,211,0.9999999,0.97716993,0.952974,0.91392237,0.76560664,0.94852716,0.14791042,0.90871125,1,0.51162636,0.8227143,0.3257806,0.32448936
"species",212,212,1,0.81780446,0.9654653,0.7340075,0.8244994,0.811077,0.15821028,0.9423771,0.9829643,0.5759424,0.7584382,0.32684827,0.24823847
"species",213,213,1,0.98766476,0.9506539,0.9410941,0.64782095,0.9220673,0.4348265,0.9290319,0.972851,0.4976885,0.81282836,0.28687084,0.24303003
"species",214,214,1,0.5013255,0.97407264,0.99071276,0.76560664,0.8828771,0.2812633,0.9424899,0.9991015,0.80676883,0.7194911,0.37170467,0.28602117
"species",215,215,0.9906975,0.97975385,0.6864209,0.9428849,0.76560664,0.7309309,0.2384162,0.4355504,0.9986752,0.081259385,0.8408757,0.3274863,0.3512262
"species",216,216,0.99828,0.9605826,0.94904524,0.92330974,0.76560664,0.94654393,0.14651072,0.9081782,1,0.5235878,0.8189966,0.30114868,0.41246298
"species",217,217,0.99451256,0.9884753,0.6569823,0.97030777,0.76560664,0.9975723,0.2733211,0.60767376,1,0.24132638,0.7730868,0.39177045,0.41378137
"species",218,218,0.9757646,0.9593902,0.9643224,0.4633398,0.058892846,0.8801401,0.36136663,0.9467995,0.99484,0.743306,0.74258584,0.26331654,0.2674092
"species",219,219,1,0.79452646,0.92590255,0.86120534,0.64782095,0.8766991,0.67025745,0.9048698,0.9961507,0.7081822,0.8464021,0.28262115,0.22114317
"species",220,220,0.978615,0.93978196,0.8755454,0.97822034,0.058892846,0.9803833,0.12526357,0.8566745,0.98084223,0.48830867,0.60789746,0.23408768,0.18253055
"species",221,221,0.99494374,0.9930491,0.981398,0.6395278,0.64782095,0.9523119,0.3958245,0.970556,0.9780449,0.515451,0.7741767,0.26945072,0.21733642
"species",222,222,1,0.69300056,0.9462402,0.9076574,0.058892846,0.9313265,0.47224975,0.9443662,0.9934973,0.36829016,0.72466373,0.20921488,0.33861312
"species",223,223,1,0.69300056,0.9462402,0.9076574,0.58892816,0.9313265,0.47224975,0.9443662,0.9934973,0.36829016,0.72466373,0.20921488,0.33861312
"species",224,224,0.89575344,0.98619413,0.93170965,0.9289458,0.76560664,0.96089554,0.39613146,0.91249317,1,0.884056,0.7089127,0.28876123,0.39381617
"species",225,225,0.92705804,0.9873198,0.6977147,0.94023407,0.76560664,0.75273496,0.23801166,0.4303081,0.9980353,0.08347208,0.8518557,0.32082698,0.37724283
"species",226,226,1,0.9360471,0.9523287,0.9227902,0.64782095,0.86104196,0.15321052,0.91200256,0.9843259,0.5225527,0.8539769,0.32606784,0.10406644
"species",227,227,0.9372691,0.83268994,0.8167291,0.9551533,0.64782095,0.95971084,0.2839743,0.6997129,0.993462,0.3900025,0.8028515,0.26017275,0.2327438
"species",228,228,0.9989259,0.9595474,0.5062965,0.9971978,0.76560664,0.99590015,0.2498706,0.5544097,0.99666464,0.08936189,0.7554031,0.41755733,0.2504386
"species",229,229,0.9988319,0.7809902,0.927866,0.9648256,0.058892846,0.93050706,0.27836466,0.9058541,0.9855104,0.6630911,0.70222807,0.274513,0.18742976
"species",230,230,0.9993285,0.94612813,0.92148656,0.86903983,0.64782095,0.90830505,0.5729752,0.9356137,0.97768986,0.7863382,0.8459579,0.30250505,0.14761238
"species",231,231,0.98961353,0.8305652,0.9138473,0.75060415,0.76560664,0.8701921,0.2095313,0.87422615,0.99798167,0.2476196,0.7784044,0.24703072,0.4602129
"species",232,232,1,0.96520233,0.9734619,0.9954292,1,0.963047,0.62965786,0.94496715,0.9961066,0.5047979,0.7257561,0.4666076,0.37163714
"species",233,233,1,0.98730177,0.93488777,0.93671256,0.76560664,0.97378916,0.62217104,0.9334176,1,0.8405158,0.80386883,0.32586083,0.2917844
"species",234,234,0.9902715,0.9699893,0.53959066,0.99691355,0.76560664,0.9488324,0.45120245,0.5887579,0.9773407,0.077332,0.8400172,0.35595146,0.21554145
"species",235,235,1,0.9853671,0.8625222,0.96234953,0.76560664,0.9852888,0.6721275,0.7591007,0.9930609,0.5646496,0.8207044,0.2757399,0.15970547
"species",236,236,1,0.9698889,0.9516414,0.9341507,0.64782095,0.63034105,0.42994553,0.93137854,0.99734396,0.4803974,0.82785606,0.29672542,0.31921068
"species",237,237,0.9941131,0.98991627,0.65499496,0.97105664,0.058892846,0.9978433,0.27300084,0.60918266,0.9958964,0.23867056,0.5928197,0.15390486,0.12945874
"species",238,238,1,0.99823415,0.81103325,0.813418,0.76560664,0.9823644,0.45841897,0.7312792,0.99073356,0.4007444,0.75743407,0.43323135,0.22386324
"species",239,239,1,0.9814026,0.95596695,0.992611,0.64782095,0.9941052,0.12641978,0.9370585,0.9173687,0.48092562,0.7697648,0.28813517,0.14020775
"species",240,240,1,0.9448927,0.6392707,0.92984873,0.58892816,0.6449325,0.23811203,0.37095433,0.9570462,0.082358785,0.786154,0.28164607,0.15157665
"species",241,241,0.97960293,0.94070745,0.8489245,0.90218854,0.058892846,0.958256,0.26658463,0.6616208,0.9841224,0.37464237,0.5723684,0.11655192,0
"species",242,242,1,0.98228073,0.9825683,0.5728146,0.64782095,0.83425105,0.24530089,0.95923465,0.98682576,0.46068987,0.8069151,0.27233052,0.20377137
"species",243,243,0.99632335,0.9075314,0.8295103,0.9835693,0.76560664,0.9434023,0.31792897,0.6032287,1,0.3976215,0.83280456,0.43297017,0.4468054
"species",244,244,1,0.9300819,0.9435605,0.9958514,0.76560664,0.9483129,0.3826084,0.9092428,1,0.7381085,0.7648087,0.35659313,0.51473045
"species",245,245,0.9797518,0.8903072,0.934803,0.97438073,0.76560664,0.9121797,0.2278356,0.87451637,0.9966597,0.07487324,0.668091,0.3580803,0.21878152
"species",246,246,0.9999998,0.992553,0.98176384,0.4934284,0.76560664,0.8881064,0.2395857,0.9644074,1,0.44892958,0.7708713,0.3672709,0.23539366
"species",247,247,0.93509114,0.7734266,0.95657253,0.9842799,0.058892846,0.96228856,0.324422,0.93574154,0.98835486,0.6788498,0.6358062,0.25789377,0.14302707
"species",248,248,0.97784126,0.7973094,0.9569957,0.9926484,0.058892846,0.9328483,0.27462423,0.92435116,0.99859744,0.7902942,0.7474589,0.29067546,0.22962646
"species",249,249,1,0.98947847,0.9070624,0.99994636,0.58892816,0.9549227,0.19603324,0.92343515,0.8515136,0.29989618,0.7287936,0.29169133,0.21825759
"species",250,250,0.99979013,0.99202335,0.88911784,0.81417507,0.76560664,0.8946802,0.23580176,0.5817683,0.99800485,0.32706705,0.81324947,0.30903834,0.34382558
"species",251,251,1,0.9060718,0.9156116,0.9148076,0.76560664,0.97654325,0.25932384,0.8522974,0.9965674,0.0532837,0.74662936,0.34552118,0.24495964
"species",252,252,0.8590849,0.9894161,0.69786227,0.9499509,0.76560664,0.98093367,0.14398527,0.3222183,0.99644697,0.16733189,0.7745103,0.33794513,0.34049603
"species",253,253,0.9999999,0.9765254,0.9531277,0.91327655,0.76560664,0.94852716,0.14791042,0.90871125,1,0.51162636,0.8227143,0.3257806,0.32448936
"species",254,254,1,0.90635633,0.9001164,0.9992414,0.76560664,0.9744569,0.38645566,0.8093621,1,0.38212466,0.84122336,0.3895357,0.39725652
"species",255,255,0.93831193,0.90459853,0.9710598,0.99951756,0.64782095,0.78602666,0.58945715,0.94298834,0.9863168,0.43957555,0.73679066,0.27247128,0.20072827
"species",256,256,0.9481761,0.7696812,0.95691806,0.986254,0.058892846,0.9843793,0.32757944,0.9351761,0.9911072,0.6823419,0.67637974,0.25375468,0.21523947
"species",257,257,1,0.98948866,0.9651006,0.99846375,0.5300354,0.96602815,0.27805817,0.9592986,0.9126915,0.6482335,0.7257429,0.29718906,0.13008304
"species",258,258,1,0.6691084,0.9872884,0.79676676,0.64782095,0.6645407,0.18890232,0.96369725,0.8343228,0.4460504,0.7065699,0.33526626,0.115435325
"species",259,259,1,0.99717325,0.92783386,0.7209457,0.64782095,0.98584664,0.28791642,0.9377454,0.99122065,0.43742213,0.78663296,0.2827568,0.178152
"species",260,260,1,0.95057386,0.9365289,0.95408684,0.76560664,0.83852434,0.4758808,0.9266715,0.9957565,0.55210775,0.8091819,0.37604588,0.3076763
"species",261,261,1,0.9802446,0.941473,0.98976535,0.76560664,0.99107623,0.8738693,0.90662897,1,0.6670561,0.81079954,0.3964131,0.5304569
"species",262,262,0.9950769,0.8888682,0.97337556,0.90644395,0.76560664,0.97176075,0.511436,0.959949,1,0.72502476,0.80661255,0.36460194,0.57632965
"species",263,263,1,0.98011017,0.9000542,0.77238244,0.76560664,0.97573555,0.23573333,0.8682684,0.998642,0.47021094,0.8148731,0.30093554,0.17775874
"species",264,264,0.9969028,0.9929208,0.81477046,0.9994897,0.58892816,0.99445647,0.21196169,0.77654004,0.9959467,0.055162422,0.77239627,0.352137,0.25276148
"species",265,265,0.99992746,0.97716993,0.952974,0.91392237,0.76560664,0.94728744,0.14767718,0.9090798,1,0.5122964,0.8177796,0.36146381,0.29847273
"species",266,266,1,0.9596904,0.87864316,0.9789982,0.64782095,0.99569255,0.6183804,0.6956147,0.98725396,0.4702668,0.7817513,0.2939142,0.19076107
"species",267,267,0.9006902,0.9362513,0.80627984,0.96697104,0.76560664,0.96639574,0.37903535,0.6215913,0.99646395,0.4552825,0.84418046,0.31949165,0.31219932
"species",268,268,1,0.9432826,0.7429514,0.9675887,0.64782095,0.9610488,0.2833854,0.58118165,0.9899842,0.3035538,0.8770107,0.36631346,0.15609966
"species",269,269,1,0.9951635,0.8931342,0.9614682,0.64782095,0.9926293,0.13239652,0.66892505,0.97178173,0.44820786,0.7633733,0.3643985,0.14145194
"species",270,270,1,0.983557,0.98221314,0.5488562,0.76560664,0.8030358,0.24387985,0.96043724,0.997913,0.4739234,0.7908325,0.30523607,0.2648506
"species",271,271,1,0.9567625,0.95194113,0.91011363,0.76560664,0.93914855,0.15081984,0.9064061,0.9936037,0.511752,0.790797,0.31454778,0.32556805
"species",272,272,0.9960727,0.8295841,0.9419629,0.8942625,0.64782095,0.9155718,0.15637219,0.8515225,0.9568958,0.50662106,0.8376528,0.22787765,0.12736295
"species",273,273,1,0.7825452,0.8809828,0.93300116,0.58892816,0.9372239,0.16646248,0.8116199,1,0.5360251,0.67677563,0.41054496,0.46377993
"species",274,274,0.8547218,0.90865177,0.61048007,0.9446214,0.058892846,0.96539307,0.2462272,0.5906532,0.98518354,0.1933213,0.630481,0.11651472,0.16305456
"species",275,275,1,0.85288453,0.9709968,0.9994197,1,0.97670454,0.28549063,0.92943084,0.96761286,0.84170896,0.75078803,0.2903091,0.11130954
"species",276,276,1,0.8459429,0.9139747,0.7539378,0.76560664,0.9274096,0.20636135,0.88717914,1,0.24197498,0.83678293,0.32693794,0.5275753
"species",277,277,1,0.96243554,0.6592053,0.9471819,0.058892846,0.802019,0.23914182,0.42984003,0.98254895,0.07584581,0.80666137,0.2970015,0.19232315
"species",278,278,0.9997586,0.98060066,0.70752907,0.9265896,0.64782095,0.98862815,0.20991814,0.4187817,0.992807,0.095206924,0.8213844,0.34523696,0.36167395
"species",279,279,0.9994539,0.992048,0.72411495,0.8609511,0.76560664,0.7837572,0.2325635,0.2887804,1,0.14534175,0.83003116,0.3832559,0.46337873
"species",280,280,0.998643,0.8211694,0.91064155,0.75475055,0.76560664,0.93093914,0.20837706,0.8681715,1,0.24166307,0.7910774,0.44215912,0.5644408
"species",281,281,0.9999965,0.98007286,0.6753411,0.942161,0.64782095,0.75082886,0.2384162,0.42642987,0.99133295,0.08088032,0.78162307,0.28615966,0.14020775
"species",282,282,0.97198874,0.85975134,0.9468327,0.8843303,0.64782095,0.9052526,0.15432113,0.8622167,0.98103297,0.5027401,0.85780174,0.24837747,0.15157665
"species",283,283,0.995585,0.9573518,0.8651795,0.94503635,0.76560664,0.93153554,0.1261558,0.74858,0.9980623,0.40029725,0.7856596,0.35251492,0.39749226
"species",284,284,0.9998357,0.7626064,0.89010364,0.9261423,0.76560664,0.9459869,0.16302788,0.8141032,1,0.5258527,0.8134119,0.3540095,0.37864852
"species",285,285,0.5403007,0.93431807,0.57421255,0.94467103,0.058892846,0.95790434,0.246229,0.443927,0.9849403,0.07412288,0.7112681,0.28519544,0.1273275
"species",286,286,0.9951642,0.97975385,0.6864209,0.9428849,0.76560664,0.73621047,0.2384162,0.43326885,0.9959506,0.08109186,0.8075949,0.34878933,0.28306934
"species",287,287,0.99999976,0.95972586,0.85328114,0.97188723,0.058892846,0.9903807,0.6176113,0.6993669,0.9956313,0.47901502,0.74098957,0.3041481,0.19925234
"species",288,288,1,0.9725332,0.90092,0.9895565,0.76560664,0.81925887,0.74904597,0.9066769,0.9966538,0.6237419,0.8188196,0.26898018,0.27373114
"species",289,289,1,0.9194088,0.9817233,0.97922885,0.64782095,0.8423703,0.61315036,0.9468388,0.9402807,0.5014361,0.7835113,0.29420292,0.18211626
"species",290,290,0.9852073,0.9363822,0.7528074,0.9688094,0.76560664,0.94402266,0.21441644,0.70471907,0.9934587,0.07165896,0.8068194,0.33384666,0.3107234
"species",291,291,0.88409716,0.8989848,0.84798604,0.94214445,0.058892846,0.9728989,0.12898481,0.6737324,0.996299,0.4175091,0.6272524,0.23966911,0.196462
"species",292,292,0.985105,0.97973955,0.8986537,0.69964135,0.058892846,0.9744089,0.24715757,0.9157915,0.9697715,0.25184646,0.51766,0.07204789,0
"species",293,293,0.9543524,0.9946076,0.6768744,0.9066434,0.76560664,0.942022,0.36113536,0.7221669,0.99738204,0.35313305,0.90305966,0.29956344,0.35863084
"species",294,294,1,0.5828408,0.98585045,0.8579005,0.64782095,0.76093954,0.2571594,0.96469724,0.90219814,0.489199,0.8313505,0.32044008,0.13008304
"species",295,295,1,0.494698,0.9665859,0.9597008,0.5300354,0.9566138,0.2928568,0.96461326,0.7492381,0.596908,0.7618125,0.2554862,0.15321805
"species",296,296,0.9988587,0.9716041,0.91449785,0.9999363,0.64782095,0.9401231,0.25932384,0.9144851,0.99470943,0.12201307,0.7666451,0.27023152,0.2659293
"species",297,297,1,0.924948,0.91452026,0.8433837,0.76560664,0.98015594,0.3334365,0.9057683,1,0.45785522,0.7981207,0.35693222,0.2890643
"species",298,298,1,0.9857411,0.8323451,0.99640244,0.64782095,0.92441046,0.23518258,0.3684529,0.9805565,0.2828264,0.7228611,0.34308133,0.15609966
"species",299,299,1,0.91638947,0.9275991,0.99897206,0.76560664,0.9783618,0.25932384,0.91182446,0.9986816,0.119767606,0.64426625,0.32999945,0.18211626
"species",300,300,1,0.99727535,0.8022717,0.95526326,0.76560664,0.9612407,0.45841897,0.8285537,1,0.32478866,0.78200054,0.38396877,0.32064384
"species",301,301,1,0.9973333,0.8963702,0.9607735,0.64782095,0.9859472,0.13225329,0.6711508,0.9771015,0.45106965,0.7174984,0.37182683,0.15321805
"species",302,302,1,0.6784433,0.9531765,0.9818693,0.64782095,0.90127695,0.37595743,0.9175536,0.9975496,0.7522908,0.8512974,0.35018802,0.18172301
"species",303,303,1,0.9860945,0.9553511,0.8176892,0.64782095,0.8996442,0.2640046,0.9369263,0.98692286,0.4354549,0.8574065,0.21300018,0.118714154
"species",304,304,1,0.98300046,0.94840455,0.9467397,0.64782095,0.90192944,0.4507845,0.9288517,0.97779435,0.52484053,0.8296275,0.28731546,0.15337956
"species",305,305,1,0.88388133,0.99403155,0.9407596,0.76560664,0.62147784,0.14113265,0.94921577,1,0.04185827,0.7666736,0.4403713,0.5174506
"species",306,306,0.9999698,0.97325283,0.89078933,0.95515233,0.64782095,0.94767314,0.12837994,0.7640391,0.9808807,0.46319395,0.8738044,0.31285688,0.29863426
"species",307,307,0.8831687,0.93949676,0.9840808,0.9994137,0.058892846,0.865251,0.31354314,0.9502396,0.9879458,0.7823841,0.71953547,0.09673721,0.10137204
"species",308,308,0.9241775,0.9420571,0.9748157,0.4346881,0.058892846,0.8720577,0.23191273,0.96588165,0.98981905,0.26118305,0.8132828,0.26765043,0.2572845
"species",309,309,0.9358883,0.90244985,0.7228538,0.9668858,0.76560664,0.9676051,0.2596423,0.6245451,1,0.061307136,0.8191458,0.35229343,0.48045832
"species",310,310,1,0.9965145,0.9374112,0.99920887,0.64782095,0.9851211,0.8791082,0.92656106,0.91074336,0.6052912,0.60432243,0.30368283,0.099385895
"species",311,311,1,0.8675816,0.9786334,0.8780265,0.76560664,0.9729912,0.39790887,0.97084963,0.9781533,0.7101908,0.73601633,0.3039832,0.16458693
"species",312,312,0.95337147,0.9887066,0.7415689,0.95016015,0.058892846,0.9953712,0.23946458,0.566825,0.9573364,0.26520962,0.5252054,0.07064806,0.011526419
"species",313,313,1,0.9809096,0.75535595,1,0.64782095,0.94324684,0.2594853,0.69196963,0.9527682,0.0381844,0.84905076,0.26892197,0.10406644
"species",314,314,0.99997735,0.7783896,0.9385881,0.8691306,0.76560664,0.9601623,0.5470618,0.9383425,0.997814,0.83371675,0.78928006,0.45490193,0.40613705
"species",315,315,1,0.7830368,0.8471675,0.85462093,0.76560664,0.9182066,0.32375038,0.66961956,0.9987377,0.24686654,0.84406215,0.31499222,0.2356254
"species",316,316,0.9358818,0.9246206,0.82427156,0.8192377,0.76560664,0.9066822,0.43569732,0.64667773,1,0.26576164,0.8289284,0.35687083,0.5098845
"species",317,317,0.98742926,0.9833098,0.6641809,0.9701216,0.058892846,0.9975805,0.27386874,0.6123214,0.9896163,0.23833941,0.6218041,0.17097935,0.09704199
"species",318,318,0.9754839,0.9423868,0.6301865,0.8851811,0.64782095,0.9891311,0.20550358,0.4245128,0.9913407,0.2090928,0.75605893,0.34278145,0.22238337
"species",319,319,1,0.96904385,0.93584234,0.6152078,0.64782095,0.79102415,0.29300356,0.8547652,0.99481034,0.65242803,0.7491532,0.39728746,0.42219839
"species",320,320,1,0.99411476,0.9601692,0.9989209,0.64782095,0.7157881,0.9233942,0.93728644,0.9913113,0.5693002,0.83949393,0.27646264,0.17775874
"species",321,321,1,0.9853946,0.9824721,0.80724186,0.76560664,0.77177113,0.31661528,0.95099694,1,0.3331746,0.8131768,0.378935,0.44228235
"species",322,322,0.9999977,0.96829474,0.670002,0.97672033,0.5300354,0.98311645,0.3001473,0.7100126,0.9592338,0.44049382,0.7132294,0.21247374,0
"species",323,323,1,0.954787,0.6516906,0.9482591,0.058892846,0.80955666,0.23956674,0.42737508,0.99204075,0.072906904,0.8314472,0.2970375,0.2816597
"species",324,324,1,0.9445495,0.705896,0.8656388,0.64782095,0.9754976,0.45841897,0.71752024,0.9952097,0.36362118,0.7838511,0.29885653,0.26576778
"species",325,325,1,0.99399894,0.91830045,1,0.58892816,0.9309863,0.25932384,0.93155366,0.96544707,0.14015694,0.7338783,0.23443885,0.14308937
"species",326,326,1,0.99505097,0.98157924,0.48590165,0.76560664,0.8432913,0.23863208,0.783317709150142,0.9975983,0.4465076,0.8280374,0.38066036,0.26593328
"species",327,327,1,0.9128423,0.86928946,0.95183027,0.76560664,0.97522366,0.27005875,0.88423437,1,0.20459655,0.7718325,0.37304014,0.5633194
"species",328,328,0.9725869,0.85758835,0.9467451,0.8850651,0.64782095,0.89326245,0.15450758,0.8615805,0.9758298,0.50308704,0.8493064,0.22071177,0.15321805
"species",329,329,0.9673963,0.9936427,0.68770665,0.9033914,0.76560664,0.9542577,0.36843783,0.7292047,0.9987616,0.33813196,0.8320319,0.38848576,0.4457227
"species",330,330,0.8459709,0.98542196,0.81435066,0.94245845,0.76560664,0.98114157,0.12884945,0.70681256,0.9975607,0.35843992,0.61065125,0.18160522,0.23385544
"species",331,331,1,0.96236116,0.9587806,0.99037904,0.64782095,0.95037377,0.25267667,0.9278167,0.94037986,0.7035537,0.7873159,0.2713235,0.13008304
"species",332,332,1,0.9957402,0.98396903,0.8536798,0.76560664,0.85120785,0.58950925,0.9608874,0.997556,0.42397064,0.77077127,0.34680742,0.3235682
"species",333,333,1,0.7938141,0.8474064,0.85516524,0.64782095,0.8620916,0.3206483,0.6577117,0.9961137,0.2383027,0.8447468,0.26362333,0.31567904
"species",334,334,0.99433076,0.9007254,0.70353425,0.8418753,0.76560664,0.9154927,0.23976487,0.38221258,1,0.1951081,0.81067616,0.44029668,0.5158092
"species",335,335,0.9848373,0.9860572,0.8775209,0.99272054,0.058892846,0.9713063,0.26403278,0.62483037,0.97935057,0.57079536,0.6862481,0.19714011,0.16026483
"species",336,336,0.9685866,0.99651694,0.9483968,0.94807404,0.76560664,0.97577363,0.14659965,0.90716887,0.9974051,0.5388802,0.768933,0.36344776,0.411184
"species",337,337,1,0.99454683,0.917506,0.9991988,0.76560664,0.807521,0.25932384,0.783317709150142,0.99942076,0.12738343,0.7717282,0.3901323,0.3568279
"species",338,338,0.9999754,0.9493873,0.77799445,0.80240214,0.76560664,0.908166,0.21113598,0.55798465,0.9979963,0.21133798,0.83372813,0.32895464,0.31056187
"species",339,339,0.97198874,0.85975134,0.9468327,0.8843303,0.64782095,0.9052526,0.15432113,0.8622167,0.98103297,0.5027401,0.85780174,0.24837747,0.15157665
"species",340,340,1,0.9059236,0.9675405,0.7983045,0.64782095,0.96635354,0.29556173,0.9288347,0.9795071,0.6330599,0.7903586,0.2916111,0.13008304
"species",341,341,1,0.9742692,0.86331886,0.87415695,0.058892846,0.9169758,0.34513628,0.7371683,0.9946483,0.31092992,0.65475684,0.45695618,0.16006392
"species",342,342,1,0.9711619,0.9768999,0.99448335,1,0.7364495,0.54118705,0.9475299,0.9484863,0.38451186,0.7562025,0.33011213,0.19060354
"species",343,343,1,0.9960686,0.9568638,1,0.058892846,0.95061564,0.27096432,0.9146637,0.9818311,0.72238827,0.72717017,0.35386613,0.100303076
"species",344,344,0.992549,0.99823415,0.94811356,0.9988319,0.58892816,0.9692938,0.23563677,0.783317709150142,0.8515136,0.068067305,0.63512707,0.37031198,0.1261582
"species",345,345,0.996785,0.8146932,0.9415759,0.93891066,0.76560664,0.7620375,0,0.9322837,1,0.6314833,0.7991917,0.40664646,0.44640812
"species",346,346,1,0.9208813,0.84914416,0.9610522,0.64782095,0.9155767,0.32106996,0.72514117,0.98420584,0.41299653,0.92091495,0.25654346,0.10406644
"species",347,347,0.8772388,0.8932712,0.7851144,0.9806219,0.058892846,0.9727434,0.28858954,0.7141546,0.9757805,0.41179222,0.68839324,0.14988169,0.12149654
"species",348,348,1,0.9583002,0.98581284,0.59111905,0.8244994,0.6167034,0.30918485,0.9530925,0.99506986,0.31979853,0.7300605,0.33879104,0.18375766
"species",349,349,1,0.9724161,0.95158374,0.9363967,0.64782095,0.8186996,0.4274944,0.9305507,0.9893912,0.48307267,0.84104514,0.29565212,0.21661617
"species",350,350,1,0.7967716,0.93037456,0.56138223,0.64782095,0.98407793,0.3007732,0.85544044,0.98866117,0.6394907,0.8217872,0.28655413,0.26445737
"species",351,351,1,0.9450367,0.98335826,0.79783505,0.76560664,0.9211894,0.3161887,0.95265496,1,0.31790128,0.7754092,0.38136232,0.40053537
"species",352,352,1,0.9086382,0.9400853,0.6547036,0.8244994,0.95921093,0.31356543,0.9148077,0.8726276,0.33949792,0.7912757,0.32154027,0.29483148
"species",353,353,0.99675614,0.98648757,0.987752,0.96738636,0.76560664,0.77600807,0.1561076,0.9644703,1,0.14184524,0.7912427,0.30760354,0.49323288
"species",354,354,1,0.9619978,0.86974096,0.9769157,0.76560664,0.9961642,0.6183465,0.6958034,1,0.4725596,0.7416881,0.49614948,0.37792826
"species",355,355,1,0.95622504,0.98308706,0.6080961,0.76560664,0.93914574,0.24761665,0.9572695,0.9974915,0.46319252,0.7885679,0.28389055,0.25620183
"species",356,356,1,0.9917374,0.8905493,0.9319283,0.76560664,0.9608287,0.264759,0.88344985,1,0.25935632,0.8121812,0.38367122,0.3495848
"species",357,357,0.9992872,0.93245655,0.9291775,0.96025413,0.64782095,0.9109035,0.49400252,0.9246305,0.99602467,0.5666375,0.82964313,0.34017512,0.3991297
"species",358,358,0.9741727,0.99651694,0.9483968,0.94807404,0.76560664,0.9740831,0.14642125,0.90711284,1,0.53937,0.7463042,0.3710691,0.41174272
"species",359,359,1,0.95118904,0.7715207,0.8020257,0.76560664,0.7772495,0.21090716,0.55296266,0.99799687,0.21408932,0.8157228,0.35443026,0.32644978
"species",360,360,1,0.9823166,0.9833314,0.92213506,0.5300354,0.90464604,0.4472224,0.96376544,0.97952056,0.34885266,0.6982437,0.25057614,0.09089464
"species",361,361,1,0.96746993,0.98327017,0.80033493,0.76560664,0.9131454,0.31652945,0.9515421,1,0.32183123,0.7858139,0.4466257,0.50155866
"species",362,362,0.9778024,0.9728614,0.99144095,0.91251385,0.76560664,0.7050979,0.13997161,0.93130827,1,0.2552847,0.78051746,0.3215688,0.5207294
"species",363,363,0.9972037,0.95166284,0.66275966,0.9240691,0.76560664,0.8158008,0.2370311,0.35834324,0.9993572,0.09157576,0.8263981,0.38598236,0.4443695
"species",364,364,0.949872,0.9172197,0.9143255,0.9319602,0.76560664,0.97455513,0.23616832,0.8748438,0.99807656,0.09614511,0.80839926,0.30457535,0.3539463
"species",365,365,0.999318,0.90365046,0.63649154,0.9656411,0.58892816,0.96043533,0.24699324,0.5614116,0.9869437,0.07727523,0.74808997,0.36301544,0.17923068
"species",366,366,1,0.87665606,0.89598787,0.9991737,0.76560664,0.9396092,0.39717293,0.82195956,1,0.37379164,0.7496436,0.4474261,0.30603886
"species",367,367,1,0.9620856,0.6577711,0.9468776,1,0.80219,0.23914182,0.4273668,0.97744966,0.07574549,0.78398764,0.3640282,0.17319298
"species",368,368,0.9211807,0.89931846,0.7863326,0.84798956,0.058892846,0.9794851,0.28794837,0.48747712,0.99086815,0.3546338,0.7559823,0.23709242,0.2907057
"species",369,369,0.9993382,0.99213755,0.952474,0.944959,0.76560664,0.98151565,0.14805561,0.90813094,1,0.5353838,0.78518236,0.3751682,0.48979253
"species",370,370,1,0.96371233,0.6575426,0.9458844,0.58892816,0.7986104,0.23903668,0.42626,0.9794124,0.07636239,0.79957545,0.2998942,0.20665695
"species",371,371,0.98884964,0.96290076,0.9633635,0.46257585,0.76560664,0.89836603,0.3608994,0.94654644,0.99790287,0.74297816,0.8079328,0.43925914,0.355025
"species",372,372,1,0.9463997,0.7611452,0.9951844,0.58892816,0.98453176,0.29335523,0.70834506,0.96773416,0.4297989,0.6617813,0.45690483,0.18375368
"species",373,373,0.9986324,0.8870286,0.9822994,0.48058504,0.64782095,0.9787645,0.39569908,0.94354844,0.9715917,0.5650372,0.8578562,0.30268353,0.14036927
"species",374,374,1,0.9680281,0.94104713,0.94889325,0.64782095,0.8689473,0.46676946,0.92772907,0.9736224,0.5406146,0.81249934,0.35975677,0.17199154
"species",375,375,0.9592768,0.90294135,0.9110097,0.903976,0.058892846,0.95077735,0.36638373,0.9020866,0.9948941,0.8506181,0.63438827,0.09439958,0.054276116
"species",376,376,0.9945851,0.5004289,0.96970606,0.48110545,0.58892816,0.8831164,0.33111227,0.9719941,1,0.731233,0.84456754,0.34174457,0.46541736
"species",377,377,1,0.99743474,0.8423622,0.9651821,0.76560664,0.9639036,0.6171686,0.70361173,0.99905795,0.4786809,0.7764747,0.39408904,0.30371204
"species",378,378,1,0.9394036,0.9281194,1,0.64782095,0.98801,0.25932384,0.9140966,0.9531131,0.12528855,0.7396824,0.3258092,0.11419115
"species",379,379,1,0.94943553,0.6521724,0.950942,0.58892816,0.79684025,0.23978227,0.4339878,0.9947769,0.07139122,0.8054553,0.28766116,0.2300237
"species",380,380,1,0.8459429,0.9139747,0.7539378,0.76560664,0.9274096,0.20636135,0.88717914,1,0.24197498,0.83678293,0.32693794,0.5275753
"species",381,381,0.9396085,0.9516912,0.75788105,0.89593214,0.058892846,0.90672445,0.3685857,0.7334229,0.98775375,0.3338859,0.7342996,0.28247124,0.32232404
"species",382,382,1,0.91978323,0.9434951,0.99062264,0.8244994,0.8907924,0.12640804,0.9194087,0.97304064,0.46591136,0.7520801,0.31021744,0.23414947
"species",383,383,1,0.99386114,0.8783535,0.99745744,0.64782095,0.97618335,0.1247887,0.82252574,0.9859467,0.3807644,0.8019515,0.33401594,0.16318126
"species",384,384,0.88433135,0.96851987,0.7228805,0.90251034,0.058892846,0.9881338,0.3584414,0.7202662,0.99462575,0.35870025,0.7236059,0.31011507,0.3410975
"species",385,385,0.9963047,0.9202202,0.7194817,0.96713126,0.058892846,0.95647705,0.21502125,0.6254097,0.99243236,0.07581372,0.7893205,0.42075104,0.27730215
"species",386,386,0.99166775,0.9623821,0.7119665,0.91611576,0.64782095,0.9582538,0.35866004,0.7223896,0.997846,0.3452456,0.85238457,0.37916368,0.18863912
"species",387,387,0.80213547,0.95063895,0.64787805,0.96467644,0.58892816,0.77920365,0.24281663,0.4770838,1,0.058081504,0.81266826,0.41264904,0.44336104
"species",388,388,1,0.9713641,0.89875805,0.989653,0.64782095,0.99175614,0.61977917,0.713451,0.96250093,0.45279628,0.77480257,0.31337613,0.19348516
"species",389,389,1,0.964059,0.9519942,0.93461835,0.64782095,0.66764605,0.42514253,0.9312455,0.9918618,0.47590795,0.7637194,0.22496097,0.2976377
"species",390,390,0.99998707,0.97642756,0.84476084,0.9544033,0.76560664,0.9952697,0.6114961,0.7062863,0.9978271,0.5063268,0.8240668,0.36312324,0.2963074
"species",391,391,0.99804914,0.977872,0.93455654,0.9927911,0.76560664,0.85263133,0.34203398,0.8811292,1,0.68663734,0.8786921,0.41049725,0.46705478
"species",392,392,0.8910902,0.99717325,0.8841376,0.95849663,0.058892846,0.9737695,0.13203692,0.6747252,0.9734277,0.45363218,0.7399436,0.19997886,0.12713519
"species",393,393,1,0.94709754,0.94987893,0.91504097,0.64782095,0.9281646,0.1511035,0.90814203,0.9802122,0.5167412,0.87460524,0.230947,0.16926748
"species",394,394,1,0.9500384,0.95277643,0.9358706,0.76560664,0.8670718,0.45121658,0.90031195,0.997961,0.680172,0.813769,0.38849744,0.24807696
"species",395,395,0.996615,0.9968704,0.7255658,0.93558234,0.76560664,0.96871185,0.20998311,0.43858337,0.99803686,0.088769354,0.70172906,0.37814865,0.2731764
"species",396,396,1,0.99620646,0.7211632,0.914123,0.76560664,0.95767415,0.3721344,0.7324083,0.992071,0.32762563,0.6085791,0.36859703,0.08721396
"species",397,397,1,0.95032734,0.9823537,0.5368739,0.76560664,0.95435977,0.24307418,0.9617434,0.99476004,0.47664297,0.77374727,0.3262616,0.24551837
"species",398,398,1,0.8953476,0.9608258,0.9781599,0.64782095,0.9275462,0.65448916,0.9530541,0.9815,0.75071156,0.80984163,0.2933212,0.13584626
"species",399,399,1,0.9057543,0.9175229,0.915717,0.58892816,0.97302276,0.25932384,0.85223174,0.9893893,0.05383607,0.7544531,0.4201347,0.15881975
"species",400,400,0.9977677,0.96437156,0.8268959,0.9479008,0.76560664,0.98378587,0.32287997,0.7194307,0.9974308,0.4905362,0.6814415,0.5204623,0.2639649
"species",401,401,1,0.85928214,0.95163345,0.61045635,0.76560664,0.962749,0.29695892,0.9118291,0.9993369,0.59436166,0.8239476,0.33737233,0.3494233
"species",402,402,0.9906975,0.97925454,0.68922406,0.9431085,0.76560664,0.7309309,0.2384162,0.4355504,0.9986752,0.081259385,0.8408757,0.3274863,0.3512262
"species",403,403,1,0.9996003,0.84342766,0.9655047,1,0.966531,0.6174228,0.7033913,0.99360436,0.47773504,0.6170108,0.45198777,0.26936966
"species",404,404,0.9218689,0.9461275,0.8731034,0.8248707,0.058892846,0.8952964,0.44874358,0.65317285,0.9959675,0.24977621,0.7622905,0.1637701,0.2135514
"species",405,405,1,0.88432276,0.825133,0.9249792,0.058892846,0.97827375,0.69165874,0.7687752,0.9382199,0.6076414,0.64744353,0.18390328,0.09822901
"species",406,406,1,0.9702845,0.8983275,0.98743486,0.76560664,0.99398607,0.7435311,0.83064014,1,0.5201928,0.7975318,0.41669866,0.42078876
"species",407,407,1,0.6838989,0.97406375,0.98535246,0.76560664,0.9030071,0.2890699,0.9177026,1,0.73442525,0.79868275,0.40160233,0.43940076
"species",408,408,1,0.99898875,0.9177851,0.7199149,1,0.9082665,0.2532394,0.8653722,0.98556966,0.5067926,0.6870335,0.5270393,0.13454959
"species",409,409,1,0.96493,0.6633162,0.9470679,0.58892816,0.8624194,0.23903668,0.43359798,0.9947605,0.07659676,0.81459504,0.3156861,0.15609966
"species",410,410,0.9999989,0.9654858,0.8244994,0.98827887,0.058892846,0.99576724,0.17854965,0.8019304,0.99217105,0.31208903,0.6215262,0.12785344,0.0767977
"species",411,411,1,0.9949832,0.9813971,0.46622592,0.76560664,0.91431034,0.24274904,0.97752273,0.9963667,0.06359057,0.77742463,0.5373223,0.26844114
"species",412,412,1,0.9977079,0.9014648,0.7729799,0.8244994,0.9315022,0.23276019,0.77970606,0.9598221,0.43553686,0.7326487,0.4926056,0.21537597
"species",413,413,0.88793325,0.90962756,0.8612112,0.7865907,0.058892846,0.9384681,0.41879523,0.6962651,0.9899752,0.3073979,0.6774902,0.18117268,0.15768063
"species",414,414,1,0.8216537,0.95853144,0.5376931,0.64782095,0.96657497,0.32463157,0.95332515,0.98465264,0.6577412,0.75648487,0.2635893,0.16078417
"species",415,415,1,0.99223286,0.7050572,0.93081427,0.058892846,0.97858614,0.2512676,0.6362637,0.9912862,0.20596206,0.62784016,0.27062678,0.32412696
"species",416,416,1,0.9960686,0.718166,0.97866327,0.76560664,0.870519,0.335689,0.7589482,1,0.2340486,0.72668886,0.405731,0.25624123
"species",417,417,0.9757153,0.993908,0.6963643,0.9067449,0.76560664,0.95057094,0.36992693,0.73046416,0.9973055,0.33343145,0.7953717,0.3354467,0.43215764
"species",418,418,1,0.9935599,0.9824078,0.5571145,0.058892846,0.86973965,0.2446354,0.95958954,0.9986048,0.47186238,0.7011351,0.25736293,0.2963074
"species",419,419,1,0.96001774,0.9453731,0.59560513,0.76560664,0.8059964,0.24984932,0.9393514,1,0.540605,0.8186295,0.38797748,0.5736798
"species",420,420,0.9873378,0.9196924,0.85416996,0.88161474,0.76560664,0.9542681,0.30447167,0.7784273,1,0.53783983,0.71860445,0.30526337,0.41525728
"species",421,421,1,0.96942943,0.8993487,0.9889793,0.64782095,0.99191004,0.6196767,0.7126008,0.9645005,0.45363644,0.7427386,0.34110925,0.17799048
"species",422,422,1,1,0.9455899,0.9379189,1,0.9949987,0.47796422,0.89949423,0.95249087,0.690206,0.4557579,0.56511354,0
"species",423,423,0.8237591,0.95534694,0.84136605,0.97255164,0.058892846,0.9602278,0.5398053,0.82742935,0.974202,0.13041867,0.7629218,0.29697588,0.15461975
"species",424,424,1,0.8696146,0.983328,0.6440849,0.76560664,0.9792267,0.2507795,0.95237166,0.99899584,0.48268858,0.76075315,0.2924256,0.30224007
"species",425,425,1,0.94355184,0.9843481,0.53065646,0.76560664,0.956093,0.32693303,0.9516286,1,0.1734104,0.73088956,0.43009397,0.22114317
"species",426,426,0.7555948,0.96190107,0.7350663,0.93122095,0.058892846,0.9741999,0.14192563,0.38602215,0.9892377,0.20502307,0.7685158,0.25534928,0.15660192
"species",427,427,1,0.8971427,0.9829641,0.6283929,0.76560664,0.9437923,0.2491278,0.9556472,0.99567527,0.4708042,0.695858,0.25001132,0.17463742
"species",428,428,1,0.8848293,0.8424786,0.96641976,1,0.9424302,0.13576669,0.81325555,0.99134266,0.42640328,0.68687534,0.4813009,0.36295354
"species",429,429,1,0.9370091,0.98027533,0.99443984,0.76560664,0.8364177,0.6162313,0.9456803,1,0.513918,0.7834827,0.37935865,0.40886113
"species",430,430,1,0.86571676,0.97571814,0.9989322,0.058892846,0.9378013,0.5713961,0.94303596,0.99752015,0.4491218,0.74340135,0.30827928,0.45824447
"species",431,431,1,1,0.94060856,0.9368731,1,0.9873312,0.49662644,0.89675987,0.99073946,0.7011418,0.47055468,0.43922323,0
"species",432,432,1,0.93992585,0.71360624,0.86553246,0.76560664,0.97879845,0.45841897,0.7119962,0.99878496,0.3621685,0.76384604,0.2806538,0.3809189
"species",433,433,0.9519004,0.99244523,0.9441334,0.9976846,0.058892846,0.91109085,0.9799416,0.783317709150142,0.9625267,0.6416243,0.74759096,0.27162987,0.24279827
"species",434,434,1,0.9960686,0.718166,0.97866327,0.76560664,0.870519,0.335689,0.7589482,1,0.2340486,0.72668886,0.405731,0.25624123
"species",435,435,0.9868225,0.92545605,0.735921,0.89222956,0.76560664,0.9815645,0.25214148,0.2249986,1,0.1650335,0.77535856,0.28163204,0.2901042
"species",436,436,1,0.995998,0.6228198,0.9538883,0.058892846,0.70971066,0.24250638,0.4296193,0.9825699,0.05626499,0.78089935,0.33247373,0.20097192
"species",437,437,1,0.82055825,0.97781897,0.8231908,0.64782095,0.97405905,0.4015203,0.9749484,0.9939946,0.7440808,0.8376465,0.32473597,0.23250808
"species",438,438,1,0.85928214,0.95163345,0.61045635,0.76560664,0.962749,0.29695892,0.9118291,0.9993369,0.59436166,0.8239476,0.33737233,0.3494233
"species",439,439,0.98391,0.92605203,0.8694839,0.6731067,0.76560664,0.9786953,0.23778129,0.6886722,0.99868006,0.46356067,0.8264567,0.37761033,0.27550322
"species",440,440,1,0.7495619,0.9476514,0.7599169,0.76560664,0.92493325,0.21667176,0.9091762,1,0.15949988,0.728994,0.2785853,0.3651497
"species",441,441,0.98196447,0.9789055,0.694559,0.9069264,0.76560664,0.9768636,0.35942042,0.72140676,1,0.3531633,0.8101033,0.41115075,0.45801273
"species",442,442,0.8544231,0.86958355,0.9445053,0.9548916,0.058892846,0.95172364,0.5286052,0.9080227,0.9945069,0.8215137,0.5409917,0.098247446,0
"species",443,443,1,0.9954553,0.853879,0.9738819,1,0.98677325,0.6206893,0.70830107,0.99835515,0.460347,0.6461727,0.42042434,0.3338544
"species",444,444,0.9573654,0.99898875,0.8313946,0.94605476,0.76560664,0.9750871,0.12839496,0.7147914,0.9988466,0.3661403,0.78042465,0.33777672,0.4666615
"species",445,445,0.996504,0.82519746,0.9130412,0.752393,0.76560664,0.9265081,0.20900345,0.8704797,1,0.2443974,0.7712582,0.4176654,0.47734496
"species",446,446,1,0.9638536,0.9836268,0.92214507,0.5300354,0.9920991,0.1522348,0.9542452,0.9275107,0.5921833,0.71815157,0.23740913,0.12267843
"species",447,447,1,0.99505097,0.9311263,0.621524,0.76560664,0.881078,0.28899467,0.8492311,0.9993156,0.6372693,0.75498664,0.49243888,0.2858597
"species",448,448,1,0.8788615,0.9721378,0.9915438,0.64782095,0.88808465,0.68823564,0.95119685,0.9930017,0.5612303,0.72391564,0.2751069,0.21825759
"species",449,449,0.99165946,0.8580027,0.95072407,0.99738884,0.58892816,0.93656677,0.26598507,0.9323583,0.99361235,0.69230795,0.89444673,0.31421813,0.25292298
"species",450,450,0.904621,0.90669185,0.7936225,0.9450301,0.058892846,0.9979589,0.6116668,0.70860535,0.9877292,0.53184336,0.6191582,0.19376646,0.15439597
"species",451,451,1,0.96942943,0.8993487,0.9889793,0.64782095,0.99191004,0.6196767,0.7126008,0.9645005,0.45363644,0.7427386,0.34110925,0.17799048
"species",452,452,0.9443858,0.89671195,0.86831105,0.9487272,0.058892846,0.9342752,0.612087,0.782946,0.98607427,0.5447465,0.60336995,0.22876935,0.10743257
"species",453,453,1,0.856177,0.967191,0.8845155,0.76560664,0.9950559,0.10062969,0.91794544,1,0.5017991,0.75280213,0.4715973,0.44228235
"species",454,454,1,0.89986837,0.9179395,0.73913836,0.58892816,0.95564395,0.20965469,0.9075384,0.9172762,0.26947367,0.7712336,0.35617974,0.10406644
"species",455,455,1,0.9638449,0.9676093,0.99752957,0.64782095,0.97957134,0.28086132,0.9600595,0.99760437,0.63468033,0.8092599,0.37006664,0.45669436
"species",456,456,1,0.5525012,0.9343609,0.8288188,0.76560664,0.8590634,0.39754343,0.9220954,1,0.5138732,0.90251887,0.29631934,0.31943843
"species",457,457,1,0.9985201,0.9841125,0.55747736,1,0.93175,0.32697862,0.95479316,0.9948201,0.1983243,0.578965,0.32372248,0.09095111
"species",458,458,1,0.9853671,0.8625222,0.96234953,0.76560664,0.9852888,0.6721275,0.7591007,0.9930609,0.5646496,0.8207044,0.2757399,0.15970547
"species",459,459,0.9987693,0.88582575,0.8805439,0.9477656,0.76560664,0.9673195,0.34198886,0.8121406,0.99558187,0.77097756,0.79714155,0.34732202,0.27713668
"species",460,460,1,0.8610978,0.9837542,0.7198547,0.64782095,0.9042995,0.26015002,0.9495631,0.94242835,0.49826807,0.71321726,0.33015016,0.17199154
"species",461,461,1,0.8483881,0.93610704,0.91632205,0.76560664,0.94270587,0.6474048,0.8077904,0.99502635,0.74835116,0.8001645,0.4235716,0.5116794
"species",462,462,1,0.91638947,0.9275991,0.99897206,0.76560664,0.9783618,0.25932384,0.91182446,0.9986816,0.119767606,0.64426625,0.32999945,0.18211626
"species",463,463,1,0.99076307,0.9807305,0.47533053,0.76560664,0.8478824,0.23761815,0.9648652,1,0.44496837,0.7578134,0.35550067,0.3513877
"species",464,464,0.7962793,0.912471,0.7609159,0.8868679,0.058892846,0.9844174,0.17825049,0.67976636,0.98965913,0.2852454,0.6954284,0.41060385,0.15948352
"species",465,465,0.97977644,0.9728268,0.85332626,0.9197167,0.058892846,0.95788497,0.2709455,0.8092415,0.99489385,0.7253519,0.69183975,0.29754576,0.2196752
"species",466,466,1,0.91181535,0.982356,0.44840807,0.76560664,0.8403005,0.23456371,0.95774126,1,0.38433185,0.8011628,0.43816495,0.32809117
"species",467,467,1,0.8622104,0.9098728,0.74904966,0.58892816,0.9585791,0.21623546,0.8236919,0.9894446,0.25800654,0.6365957,0.31894597,0.040267102
"species",468,468,1,0.9695464,0.8589618,0.9844553,0.64782095,0.8480298,0.17618042,0.796556,0.99017113,0.32579476,0.7921522,0.29843435,0.16622438
"species",469,469,1,0.85194975,0.98341984,0.7236109,0.64782095,0.9087298,0.26064497,0.9500034,0.9226493,0.4975699,0.74256706,0.32036233,0.21085297
"species",470,470,1,0.97713935,0.8067827,0.9536751,0.58892816,0.947001,0.45841897,0.85232145,0.9892601,0.3192875,0.6823536,0.3040504,0.21770282
"species",471,471,1,0.9915215,0.93635654,0.99667865,0.64782095,0.985568,0.8791045,0.9248098,0.9120111,0.60975087,0.7833478,0.22786267,0.11147105
"species",472,472,1,0.98941875,0.95464045,0.8594112,0.76560664,0.6546804,0.21395308,0.9137471,1,0.32352573,0.83716595,0.36603785,0.52445793
"species",473,473,1,0.95134693,0.9511031,0.9110763,0.64782095,0.9387011,0.151339,0.9067273,0.9772544,0.5140359,0.8176562,0.30659163,0.15609966
"species",474,474,0.99122125,0.9713592,0.9124074,0.9913215,0.76560664,0.975202,0.62085617,0.78047776,0.9923098,0.51314133,0.77748173,0.26314342,0.2114117
"species",475,475,0.9903154,0.90930384,0.7766238,0.92921346,0.058892846,0.965348,0.6430593,0.7952845,0.99495167,0.60408145,0.65857583,0.19088687,0.22547904
"species",476,476,1,0.99310356,0.9858077,0.60456187,0.76560664,0.8995825,0.3092155,0.95241904,1,0.31854695,0.7856287,0.43189192,0.41767144
"species",477,477,0.9996965,0.97396046,0.93200076,0.9476722,0.76560664,0.96919954,0.61450684,0.93609107,1,0.838027,0.8330244,0.3919697,0.3495848
"species",478,478,1,0.9803424,0.55812275,0.93757445,0.76560664,0.80965096,0.24010938,0.39169753,0.9526937,0.068478934,0.8172936,0.2567718,0.12736295
"species",479,479,1,0.8028963,0.94731736,0.9077738,0.64782095,0.9501439,0.19387633,0.86834425,0.9939946,0.3807939,0.74119663,0.39643523,0.29598442
"species",480,480,1,0.99567056,0.94592446,0.9764573,0.76560664,0.90810233,0.4076147,0.908708,0.99906254,0.7415831,0.7809304,0.3515006,0.2816597
